datatype = kim
<a href="matlab: opentoline('C:\Users\sterg\Documents\GitHub\infer\code\interp\code\interp5DOF_setup.m',91,1)">91  </a>        five = struct('q',q(id1,:),'nA',nA(id1,:));
size(id2)

ans =

       67886           1

size(id1)

ans =

        4732           1

67886+4732

ans =

       72618

size(ids2)

ans =

       63154           1

size(ids)

ans =

           1        4732

63154+4732

ans =

       67886

max(id2)

ans =

       67886

size(id2)

ans =

       67886           1

find(id1)

ans =

           5
           9
          11
          15
          16
          17
          31
          34
          41
          47
          51
          53
          55
          64
          68
          84
          86
          87
          90
          96
         101
         103
         106
         108
         110
         116
         118
         122
         126
         128
         130
         132
         146
         152
         153
         154
         157
         162
         164
         166
         167
         170
         186
         191
         192
         201
         203
         204
         205
         207
         208
         231
         232
         237
         257
         263
         268
         275
         284
         294
         300
         306
         313
         315
         324
         328
         333
         335
         348
         351
         358
         376
         378
         379
         380
         383
         386
         388
         392
         400
         402
         404
         407
         409
         417
         418
         420
         424
         434
         436
         446
         451
         456
         458
         463
         469
         470
         473
         475
         480
         482
         505
         506
         507
         508
         509
         510
         511
         515
         518
         519
         523
         531
         534
         538
         542
         546
         550
         554
         561
         572
         573
         583
         592
         596
         598
         603
         605
         608
         613
         620
         628
         633
         639
         641
         646
         656
         659
         664
         668
         672
         689
         694
         696
         698
         701
         716
         720
         733
         742
         752
         761
         762
         764
         766
         771
         772
         778
         783
         785
         787
         799
         809
         818
         827
         831
         834
         839
         845
         852
         853
         856
         859
         860
         861
         864
         871
         881
         892
         901
         907
         911
         912
         915
         916
         917
         919
         926
         943
         945
         947
         959
         964
         965
         969
         971
         972
         976
         984
         986
         993
         995
         997
         998
        1013
        1016
        1021
        1023
        1028
        1031
        1036
        1040
        1045
        1049
        1053
        1054
        1059
        1060
        1061
        1064
        1071
        1075
        1079
        1084
        1086
        1091
        1094
        1098
        1106
        1127
        1141
        1143
        1159
        1166
        1172
        1174
        1176
        1186
        1189
        1196
        1201
        1202
        1203
        1205
        1213
        1218
        1221
        1230
        1233
        1235
        1246
        1253
        1255
        1256
        1257
        1260
        1272
        1275
        1276
        1279
        1281
        1284
        1285
        1286
        1303
        1304
        1307
        1310
        1316
        1318
        1322
        1326
        1331
        1335
        1341
        1349
        1355
        1357
        1359
        1371
        1378
        1380
        1381
        1392
        1395
        1403
        1414
        1417
        1418
        1427
        1429
        1432
        1436
        1441
        1444
        1452
        1458
        1464
        1480
        1484
        1507
        1512
        1518
        1521
        1532
        1550
        1553
        1556
        1567
        1572
        1573
        1585
        1590
        1606
        1608
        1615
        1626
        1627
        1629
        1632
        1636
        1665
        1679
        1682
        1688
        1695
        1698
        1703
        1706
        1711
        1720
        1725
        1728
        1730
        1731
        1734
        1737
        1739
        1750
        1754
        1755
        1756
        1760
        1761
        1763
        1766
        1775
        1781
        1785
        1789
        1790
        1796
        1798
        1799
        1803
        1804
        1805
        1810
        1812
        1815
        1818
        1824
        1831
        1834
        1835
        1836
        1837
        1855
        1856
        1859
        1869
        1875
        1882
        1884
        1894
        1895
        1900
        1902
        1903
        1904
        1911
        1916
        1932
        1936
        1943
        1946
        1950
        1956
        1962
        1981
        1995
        1999
        2023
        2030
        2033
        2037
        2041
        2045
        2048
        2052
        2055
        2057
        2059
        2070
        2072
        2074
        2078
        2090
        2092
        2094
        2097
        2103
        2107
        2111
        2113
        2118
        2122
        2123
        2128
        2135
        2140
        2146
        2149
        2155
        2156
        2162
        2163
        2164
        2165
        2166
        2172
        2178
        2181
        2184
        2188
        2192
        2194
        2199
        2201
        2202
        2204
        2205
        2207
        2218
        2219
        2220
        2227
        2230
        2237
        2242
        2252
        2254
        2257
        2261
        2262
        2265
        2268
        2271
        2275
        2284
        2294
        2295
        2302
        2308
        2314
        2318
        2323
        2335
        2336
        2337
        2345
        2352
        2362
        2368
        2382
        2383
        2396
        2405
        2408
        2424
        2429
        2434
        2436
        2447
        2448
        2450
        2452
        2467
        2468
        2470
        2473
        2475
        2488
        2501
        2502
        2503
        2509
        2523
        2531
        2537
        2544
        2546
        2550
        2552
        2553
        2556
        2565
        2567
        2571
        2574
        2578
        2590
        2592
        2598
        2599
        2600
        2601
        2604
        2609
        2612
        2614
        2616
        2630
        2631
        2639
        2640
        2641
        2652
        2654
        2655
        2662
        2667
        2671
        2677
        2680
        2693
        2697
        2702
        2708
        2712
        2714
        2716
        2739
        2740
        2747
        2754
        2756
        2765
        2768
        2786
        2803
        2810
        2817
        2818
        2820
        2822
        2823
        2833
        2842
        2857
        2859
        2863
        2865
        2866
        2868
        2885
        2887
        2893
        2894
        2914
        2919
        2924
        2926
        2928
        2929
        2933
        2941
        2942
        2943
        2944
        2949
        2967
        2975
        2977
        2983
        2987
        2988
        2995
        2997
        2999
        3002
        3010
        3013
        3019
        3021
        3026
        3029
        3041
        3043
        3045
        3048
        3051
        3053
        3056
        3060
        3073
        3075
        3090
        3092
        3095
        3096
        3101
        3102
        3103
        3106
        3114
        3116
        3118
        3119
        3121
        3123
        3124
        3125
        3126
        3130
        3132
        3142
        3149
        3151
        3157
        3158
        3159
        3169
        3176
        3180
        3186
        3188
        3189
        3193
        3194
        3197
        3200
        3207
        3208
        3213
        3228
        3233
        3237
        3239
        3242
        3245
        3246
        3253
        3258
        3260
        3263
        3271
        3274
        3277
        3282
        3289
        3300
        3306
        3316
        3318
        3332
        3335
        3343
        3344
        3345
        3349
        3350
        3355
        3362
        3367
        3373
        3391
        3404
        3405
        3411
        3421
        3425
        3426
        3435
        3437
        3439
        3443
        3448
        3459
        3464
        3468
        3473
        3475
        3480
        3489
        3490
        3496
        3497
        3499
        3500
        3502
        3504
        3505
        3512
        3513
        3515
        3516
        3524
        3525
        3526
        3528
        3529
        3533
        3535
        3557
        3562
        3563
        3564
        3568
        3569
        3580
        3581
        3583
        3588
        3593
        3601
        3607
        3609
        3614
        3616
        3624
        3625
        3636
        3638
        3644
        3649
        3651
        3654
        3659
        3661
        3670
        3683
        3684
        3691
        3694
        3698
        3699
        3712
        3715
        3717
        3720
        3722
        3723
        3726
        3729
        3732
        3741
        3749
        3751
        3754
        3758
        3774
        3783
        3786
        3790
        3797
        3800
        3801
        3806
        3809
        3817
        3824
        3834
        3835
        3838
        3847
        3848
        3849
        3854
        3858
        3860
        3874
        3883
        3890
        3891
        3895
        3900
        3906
        3910
        3931
        3943
        3952
        3953
        3960
        3964
        3970
        3971
        3972
        3978
        3984
        3986
        3988
        3992
        3994
        3998
        4010
        4011
        4014
        4020
        4028
        4032
        4034
        4039
        4045
        4056
        4067
        4068
        4072
        4074
        4075
        4084
        4086
        4100
        4112
        4114
        4115
        4119
        4131
        4138
        4143
        4144
        4147
        4152
        4161
        4164
        4165
        4170
        4173
        4178
        4179
        4180
        4183
        4186
        4187
        4188
        4190
        4194
        4198
        4202
        4209
        4220
        4221
        4226
        4243
        4246
        4247
        4255
        4264
        4273
        4274
        4289
        4294
        4304
        4310
        4324
        4327
        4332
        4348
        4350
        4353
        4358
        4363
        4367
        4373
        4374
        4375
        4377
        4379
        4384
        4391
        4401
        4404
        4411
        4419
        4424
        4433
        4434
        4441
        4443
        4448
        4454
        4476
        4486
        4492
        4494
        4498
        4500
        4504
        4508
        4509
        4512
        4518
        4530
        4532
        4536
        4538
        4539
        4544
        4548
        4559
        4564
        4566
        4567
        4574
        4595
        4598
        4609
        4612
        4613
        4614
        4620
        4628
        4632
        4633
        4644
        4648
        4653
        4655
        4657
        4659
        4660
        4672
        4673
        4675
        4678
        4679
        4686
        4687
        4689
        4691
        4692
        4696
        4702
        4706
        4707
        4717
        4720

size(extraIDs)

ans =

       63154           1

if system_dependent('IsDebugMode')==1, dbquit all; end
randOctParityData
env = local
dryrunQ = 0
savecatQ = 1
metaQ = 0
default comment: kim-paper-data-equal-exact-exact. Continue (y) or override (n)? y
[Warning: Working directory not clean (i.e. uncommitted/unpushed) files exist. Use !git commit -am "<message>", then !git
push] 
[> In <a href="matlab:matlab.internal.language.introspective.errorDocCallback('get_gitcommit', 'C:\Users\sterg\Documents\GitHub\infer\code\interp\code\MATslurm\code\get_gitcommit.m', 15)" style="font-weight:bold">get_gitcommit</a> (<a href="matlab: opentoline('C:\Users\sterg\Documents\GitHub\infer\code\interp\code\MATslurm\code\get_gitcommit.m',15,0)">line 15</a>)
In <a href="matlab:matlab.internal.language.introspective.errorDocCallback('writeparfile', 'C:\Users\sterg\Documents\GitHub\infer\code\interp\code\MATslurm\code\writeparfile.m', 124)" style="font-weight:bold">writeparfile</a> (<a href="matlab: opentoline('C:\Users\sterg\Documents\GitHub\infer\code\interp\code\MATslurm\code\writeparfile.m',124,0)">line 124</a>)
In <a href="matlab:matlab.internal.language.introspective.errorDocCallback('randOctParityData', 'C:\Users\sterg\Documents\GitHub\infer\code\interp\code\randOctParityData.m', 139)" style="font-weight:bold">randOctParityData</a> (<a href="matlab: opentoline('C:\Users\sterg\Documents\GitHub\infer\code\interp\code\randOctParityData.m',139,0)">line 139</a>)] 
max_walltime = 59 minutes
saving parameter file
