get_octpairs 
<a href="matlab: opentoline('C:\Users\sterg\Documents\GitHub\infer-5DOF\code\interp-5DOF\code\GBdist4.m',172,1)">172 </a>	o2minsyms{i} = o2minsymsTmp(minIDs,:);
size(minIDs)

ans =

     1     1

minIDs

minIDs =

     1

o2minsymsTmp(1,:)

ans =

    0.6815   -0.5555   -0.4664   -0.0976    0.9882   -0.1304    0.0119    0.0798

o1

o1 =

    0.7713   -0.5377   -0.3366   -0.0513    0.9416   -0.2730   -0.1973         0
    0.7713   -0.5377   -0.3366   -0.0513    0.9416   -0.2730   -0.1973         0
    0.7713   -0.5377   -0.3366   -0.0513    0.9416   -0.2730   -0.1973         0
    0.7713   -0.5377   -0.3366   -0.0513    0.9416   -0.2730   -0.1973         0
    0.7713   -0.5377   -0.3366   -0.0513    0.9416   -0.2730   -0.1973         0
    0.7713   -0.5377   -0.3366   -0.0513    0.9416   -0.2730   -0.1973         0
    0.7713   -0.5377   -0.3366   -0.0513    0.9416   -0.2730   -0.1973         0
    0.7713   -0.5377   -0.3366   -0.0513    0.9416   -0.2730   -0.1973         0
    0.7713   -0.5377   -0.3366   -0.0513    0.9416   -0.2730   -0.1973         0
    0.7713   -0.5377   -0.3366   -0.0513    0.9416   -0.2730   -0.1973         0
    0.7713   -0.5377   -0.3366   -0.0513    0.9416   -0.2730   -0.1973         0
    0.7713   -0.5377   -0.3366   -0.0513    0.9416   -0.2730   -0.1973         0
    0.7713   -0.5377   -0.3366   -0.0513    0.9416   -0.2730   -0.1973         0
    0.7713   -0.5377   -0.3366   -0.0513    0.9416   -0.2730   -0.1973         0
    0.7713   -0.5377   -0.3366   -0.0513    0.9416   -0.2730   -0.1973         0
    0.7713   -0.5377   -0.3366   -0.0513    0.9416   -0.2730   -0.1973         0
    0.7713   -0.5377   -0.3366   -0.0513    0.9416   -0.2730   -0.1973         0
    0.7713   -0.5377   -0.3366   -0.0513    0.9416   -0.2730   -0.1973         0
    0.7713   -0.5377   -0.3366   -0.0513    0.9416   -0.2730   -0.1973         0
    0.7713   -0.5377   -0.3366   -0.0513    0.9416   -0.2730   -0.1973         0
    0.7713   -0.5377   -0.3366   -0.0513    0.9416   -0.2730   -0.1973         0
    0.7713   -0.5377   -0.3366   -0.0513    0.9416   -0.2730   -0.1973         0
    0.7713   -0.5377   -0.3366   -0.0513    0.9416   -0.2730   -0.1973         0
    0.7713   -0.5377   -0.3366   -0.0513    0.9416   -0.2730   -0.1973         0
    0.7713   -0.5377   -0.3366   -0.0513    0.9416   -0.2730   -0.1973         0
    0.7713   -0.5377   -0.3366   -0.0513    0.9416   -0.2730   -0.1973         0
    0.7713   -0.5377   -0.3366   -0.0513    0.9416   -0.2730   -0.1973         0
    0.7713   -0.5377   -0.3366   -0.0513    0.9416   -0.2730   -0.1973         0
    0.7713   -0.5377   -0.3366   -0.0513    0.9416   -0.2730   -0.1973         0
    0.7713   -0.5377   -0.3366   -0.0513    0.9416   -0.2730   -0.1973         0
    0.7713   -0.5377   -0.3366   -0.0513    0.9416   -0.2730   -0.1973         0
    0.7713   -0.5377   -0.3366   -0.0513    0.9416   -0.2730   -0.1973         0
    0.7713   -0.5377   -0.3366   -0.0513    0.9416   -0.2730   -0.1973         0
    0.7713   -0.5377   -0.3366   -0.0513    0.9416   -0.2730   -0.1973         0
    0.7713   -0.5377   -0.3366   -0.0513    0.9416   -0.2730   -0.1973         0
    0.7713   -0.5377   -0.3366   -0.0513    0.9416   -0.2730   -0.1973         0
    0.7713   -0.5377   -0.3366   -0.0513    0.9416   -0.2730   -0.1973         0
    0.7713   -0.5377   -0.3366   -0.0513    0.9416   -0.2730   -0.1973         0
    0.7713   -0.5377   -0.3366   -0.0513    0.9416   -0.2730   -0.1973         0
    0.7713   -0.5377   -0.3366   -0.0513    0.9416   -0.2730   -0.1973         0
    0.7713   -0.5377   -0.3366   -0.0513    0.9416   -0.2730   -0.1973         0
    0.7713   -0.5377   -0.3366   -0.0513    0.9416   -0.2730   -0.1973         0
    0.7713   -0.5377   -0.3366   -0.0513    0.9416   -0.2730   -0.1973         0
    0.7713   -0.5377   -0.3366   -0.0513    0.9416   -0.2730   -0.1973         0
    0.7713   -0.5377   -0.3366   -0.0513    0.9416   -0.2730   -0.1973         0
    0.7713   -0.5377   -0.3366   -0.0513    0.9416   -0.2730   -0.1973         0
    0.7713   -0.5377   -0.3366   -0.0513    0.9416   -0.2730   -0.1973         0
    0.7713   -0.5377   -0.3366   -0.0513    0.9416   -0.2730   -0.1973         0
    0.7713   -0.5377   -0.3366   -0.0513    0.9416   -0.2730   -0.1973         0
    0.7713   -0.5377   -0.3366   -0.0513    0.9416   -0.2730   -0.1973         0
    0.7713   -0.5377   -0.3366   -0.0513    0.9416   -0.2730   -0.1973         0
    0.7713   -0.5377   -0.3366   -0.0513    0.9416   -0.2730   -0.1973         0
    0.7713   -0.5377   -0.3366   -0.0513    0.9416   -0.2730   -0.1973         0
    0.7713   -0.5377   -0.3366   -0.0513    0.9416   -0.2730   -0.1973         0
    0.7713   -0.5377   -0.3366   -0.0513    0.9416   -0.2730   -0.1973         0
    0.7713   -0.5377   -0.3366   -0.0513    0.9416   -0.2730   -0.1973         0
    0.7713   -0.5377   -0.3366   -0.0513    0.9416   -0.2730   -0.1973         0
    0.7713   -0.5377   -0.3366   -0.0513    0.9416   -0.2730   -0.1973         0
    0.7713   -0.5377   -0.3366   -0.0513    0.9416   -0.2730   -0.1973         0
    0.7713   -0.5377   -0.3366   -0.0513    0.9416   -0.2730   -0.1973         0
    0.7713   -0.5377   -0.3366   -0.0513    0.9416   -0.2730   -0.1973         0
    0.7713   -0.5377   -0.3366   -0.0513    0.9416   -0.2730   -0.1973         0
    0.7713   -0.5377   -0.3366   -0.0513    0.9416   -0.2730   -0.1973         0
    0.7713   -0.5377   -0.3366   -0.0513    0.9416   -0.2730   -0.1973         0
    0.7713   -0.5377   -0.3366   -0.0513    0.9416   -0.2730   -0.1973         0
    0.7713   -0.5377   -0.3366   -0.0513    0.9416   -0.2730   -0.1973         0
    0.7713   -0.5377   -0.3366   -0.0513    0.9416   -0.2730   -0.1973         0
    0.7713   -0.5377   -0.3366   -0.0513    0.9416   -0.2730   -0.1973         0
    0.7713   -0.5377   -0.3366   -0.0513    0.9416   -0.2730   -0.1973         0
    0.7713   -0.5377   -0.3366   -0.0513    0.9416   -0.2730   -0.1973         0
    0.7713   -0.5377   -0.3366   -0.0513    0.9416   -0.2730   -0.1973         0
    0.7713   -0.5377   -0.3366   -0.0513    0.9416   -0.2730   -0.1973         0
    0.7713   -0.5377   -0.3366   -0.0513    0.9416   -0.2730   -0.1973         0
    0.7713   -0.5377   -0.3366   -0.0513    0.9416   -0.2730   -0.1973         0
    0.7713   -0.5377   -0.3366   -0.0513    0.9416   -0.2730   -0.1973         0
    0.7713   -0.5377   -0.3366   -0.0513    0.9416   -0.2730   -0.1973         0
    0.7713   -0.5377   -0.3366   -0.0513    0.9416   -0.2730   -0.1973         0
    0.7713   -0.5377   -0.3366   -0.0513    0.9416   -0.2730   -0.1973         0
    0.7713   -0.5377   -0.3366   -0.0513    0.9416   -0.2730   -0.1973         0
    0.7713   -0.5377   -0.3366   -0.0513    0.9416   -0.2730   -0.1973         0
    0.7713   -0.5377   -0.3366   -0.0513    0.9416   -0.2730   -0.1973         0
    0.7713   -0.5377   -0.3366   -0.0513    0.9416   -0.2730   -0.1973         0
    0.7713   -0.5377   -0.3366   -0.0513    0.9416   -0.2730   -0.1973         0
    0.7713   -0.5377   -0.3366   -0.0513    0.9416   -0.2730   -0.1973         0
    0.7713   -0.5377   -0.3366   -0.0513    0.9416   -0.2730   -0.1973         0
    0.7713   -0.5377   -0.3366   -0.0513    0.9416   -0.2730   -0.1973         0
    0.7713   -0.5377   -0.3366   -0.0513    0.9416   -0.2730   -0.1973         0
    0.7713   -0.5377   -0.3366   -0.0513    0.9416   -0.2730   -0.1973         0
    0.7713   -0.5377   -0.3366   -0.0513    0.9416   -0.2730   -0.1973         0
    0.7713   -0.5377   -0.3366   -0.0513    0.9416   -0.2730   -0.1973         0
    0.7713   -0.5377   -0.3366   -0.0513    0.9416   -0.2730   -0.1973         0
    0.7713   -0.5377   -0.3366   -0.0513    0.9416   -0.2730   -0.1973         0
    0.7713   -0.5377   -0.3366   -0.0513    0.9416   -0.2730   -0.1973         0
    0.7713   -0.5377   -0.3366   -0.0513    0.9416   -0.2730   -0.1973         0
    0.7713   -0.5377   -0.3366   -0.0513    0.9416   -0.2730   -0.1973         0
    0.7713   -0.5377   -0.3366   -0.0513    0.9416   -0.2730   -0.1973         0
    0.7713   -0.5377   -0.3366   -0.0513    0.9416   -0.2730   -0.1973         0
    0.7713   -0.5377   -0.3366   -0.0513    0.9416   -0.2730   -0.1973         0
    0.7713   -0.5377   -0.3366   -0.0513    0.9416   -0.2730   -0.1973         0
    0.7713   -0.5377   -0.3366   -0.0513    0.9416   -0.2730   -0.1973         0
    0.7713   -0.5377   -0.3366   -0.0513    0.9416   -0.2730   -0.1973         0
    0.7713   -0.5377   -0.3366   -0.0513    0.9416   -0.2730   -0.1973         0
    0.7713   -0.5377   -0.3366   -0.0513    0.9416   -0.2730   -0.1973         0
    0.7713   -0.5377   -0.3366   -0.0513    0.9416   -0.2730   -0.1973         0
    0.7713   -0.5377   -0.3366   -0.0513    0.9416   -0.2730   -0.1973         0
    0.7713   -0.5377   -0.3366   -0.0513    0.9416   -0.2730   -0.1973         0
    0.7713   -0.5377   -0.3366   -0.0513    0.9416   -0.2730   -0.1973         0
    0.7713   -0.5377   -0.3366   -0.0513    0.9416   -0.2730   -0.1973         0
    0.7713   -0.5377   -0.3366   -0.0513    0.9416   -0.2730   -0.1973         0
    0.7713   -0.5377   -0.3366   -0.0513    0.9416   -0.2730   -0.1973         0
    0.7713   -0.5377   -0.3366   -0.0513    0.9416   -0.2730   -0.1973         0
    0.7713   -0.5377   -0.3366   -0.0513    0.9416   -0.2730   -0.1973         0
    0.7713   -0.5377   -0.3366   -0.0513    0.9416   -0.2730   -0.1973         0
    0.7713   -0.5377   -0.3366   -0.0513    0.9416   -0.2730   -0.1973         0
    0.7713   -0.5377   -0.3366   -0.0513    0.9416   -0.2730   -0.1973         0
    0.7713   -0.5377   -0.3366   -0.0513    0.9416   -0.2730   -0.1973         0
    0.7713   -0.5377   -0.3366   -0.0513    0.9416   -0.2730   -0.1973         0
    0.7713   -0.5377   -0.3366   -0.0513    0.9416   -0.2730   -0.1973         0
    0.7713   -0.5377   -0.3366   -0.0513    0.9416   -0.2730   -0.1973         0
    0.7713   -0.5377   -0.3366   -0.0513    0.9416   -0.2730   -0.1973         0
    0.7713   -0.5377   -0.3366   -0.0513    0.9416   -0.2730   -0.1973         0
    0.7713   -0.5377   -0.3366   -0.0513    0.9416   -0.2730   -0.1973         0
    0.7713   -0.5377   -0.3366   -0.0513    0.9416   -0.2730   -0.1973         0
    0.7713   -0.5377   -0.3366   -0.0513    0.9416   -0.2730   -0.1973         0
    0.7713   -0.5377   -0.3366   -0.0513    0.9416   -0.2730   -0.1973         0
    0.7713   -0.5377   -0.3366   -0.0513    0.9416   -0.2730   -0.1973         0
    0.7713   -0.5377   -0.3366   -0.0513    0.9416   -0.2730   -0.1973         0
    0.7713   -0.5377   -0.3366   -0.0513    0.9416   -0.2730   -0.1973         0
    0.7713   -0.5377   -0.3366   -0.0513    0.9416   -0.2730   -0.1973         0
    0.7713   -0.5377   -0.3366   -0.0513    0.9416   -0.2730   -0.1973         0
    0.7713   -0.5377   -0.3366   -0.0513    0.9416   -0.2730   -0.1973         0
    0.7713   -0.5377   -0.3366   -0.0513    0.9416   -0.2730   -0.1973         0
    0.7713   -0.5377   -0.3366   -0.0513    0.9416   -0.2730   -0.1973         0
    0.7713   -0.5377   -0.3366   -0.0513    0.9416   -0.2730   -0.1973         0
    0.7713   -0.5377   -0.3366   -0.0513    0.9416   -0.2730   -0.1973         0
    0.7713   -0.5377   -0.3366   -0.0513    0.9416   -0.2730   -0.1973         0
    0.7713   -0.5377   -0.3366   -0.0513    0.9416   -0.2730   -0.1973         0
    0.7713   -0.5377   -0.3366   -0.0513    0.9416   -0.2730   -0.1973         0
    0.7713   -0.5377   -0.3366   -0.0513    0.9416   -0.2730   -0.1973         0
    0.7713   -0.5377   -0.3366   -0.0513    0.9416   -0.2730   -0.1973         0
    0.7713   -0.5377   -0.3366   -0.0513    0.9416   -0.2730   -0.1973         0
    0.7713   -0.5377   -0.3366   -0.0513    0.9416   -0.2730   -0.1973         0
    0.7713   -0.5377   -0.3366   -0.0513    0.9416   -0.2730   -0.1973         0
    0.7713   -0.5377   -0.3366   -0.0513    0.9416   -0.2730   -0.1973         0
    0.7713   -0.5377   -0.3366   -0.0513    0.9416   -0.2730   -0.1973         0
    0.7713   -0.5377   -0.3366   -0.0513    0.9416   -0.2730   -0.1973         0
    0.7713   -0.5377   -0.3366   -0.0513    0.9416   -0.2730   -0.1973         0
    0.7713   -0.5377   -0.3366   -0.0513    0.9416   -0.2730   -0.1973         0
    0.7713   -0.5377   -0.3366   -0.0513    0.9416   -0.2730   -0.1973         0
    0.7713   -0.5377   -0.3366   -0.0513    0.9416   -0.2730   -0.1973         0
    0.7713   -0.5377   -0.3366   -0.0513    0.9416   -0.2730   -0.1973         0
    0.7713   -0.5377   -0.3366   -0.0513    0.9416   -0.2730   -0.1973         0
    0.7713   -0.5377   -0.3366   -0.0513    0.9416   -0.2730   -0.1973         0
    0.7713   -0.5377   -0.3366   -0.0513    0.9416   -0.2730   -0.1973         0
    0.7713   -0.5377   -0.3366   -0.0513    0.9416   -0.2730   -0.1973         0
    0.7713   -0.5377   -0.3366   -0.0513    0.9416   -0.2730   -0.1973         0
    0.7713   -0.5377   -0.3366   -0.0513    0.9416   -0.2730   -0.1973         0
    0.7713   -0.5377   -0.3366   -0.0513    0.9416   -0.2730   -0.1973         0
    0.7713   -0.5377   -0.3366   -0.0513    0.9416   -0.2730   -0.1973         0
    0.7713   -0.5377   -0.3366   -0.0513    0.9416   -0.2730   -0.1973         0
    0.7713   -0.5377   -0.3366   -0.0513    0.9416   -0.2730   -0.1973         0
    0.7713   -0.5377   -0.3366   -0.0513    0.9416   -0.2730   -0.1973         0
    0.7713   -0.5377   -0.3366   -0.0513    0.9416   -0.2730   -0.1973         0
    0.7713   -0.5377   -0.3366   -0.0513    0.9416   -0.2730   -0.1973         0
    0.7713   -0.5377   -0.3366   -0.0513    0.9416   -0.2730   -0.1973         0
    0.7713   -0.5377   -0.3366   -0.0513    0.9416   -0.2730   -0.1973         0
    0.7713   -0.5377   -0.3366   -0.0513    0.9416   -0.2730   -0.1973         0
    0.7713   -0.5377   -0.3366   -0.0513    0.9416   -0.2730   -0.1973         0
    0.7713   -0.5377   -0.3366   -0.0513    0.9416   -0.2730   -0.1973         0
    0.7713   -0.5377   -0.3366   -0.0513    0.9416   -0.2730   -0.1973         0
    0.7713   -0.5377   -0.3366   -0.0513    0.9416   -0.2730   -0.1973         0
    0.7713   -0.5377   -0.3366   -0.0513    0.9416   -0.2730   -0.1973         0
    0.7713   -0.5377   -0.3366   -0.0513    0.9416   -0.2730   -0.1973         0
    0.7713   -0.5377   -0.3366   -0.0513    0.9416   -0.2730   -0.1973         0
    0.7713   -0.5377   -0.3366   -0.0513    0.9416   -0.2730   -0.1973         0
    0.7713   -0.5377   -0.3366   -0.0513    0.9416   -0.2730   -0.1973         0
    0.7713   -0.5377   -0.3366   -0.0513    0.9416   -0.2730   -0.1973         0
    0.7713   -0.5377   -0.3366   -0.0513    0.9416   -0.2730   -0.1973         0
    0.7713   -0.5377   -0.3366   -0.0513    0.9416   -0.2730   -0.1973         0
    0.7713   -0.5377   -0.3366   -0.0513    0.9416   -0.2730   -0.1973         0
    0.7713   -0.5377   -0.3366   -0.0513    0.9416   -0.2730   -0.1973         0
    0.7713   -0.5377   -0.3366   -0.0513    0.9416   -0.2730   -0.1973         0
    0.7713   -0.5377   -0.3366   -0.0513    0.9416   -0.2730   -0.1973         0
    0.7713   -0.5377   -0.3366   -0.0513    0.9416   -0.2730   -0.1973         0
    0.7713   -0.5377   -0.3366   -0.0513    0.9416   -0.2730   -0.1973         0
    0.7713   -0.5377   -0.3366   -0.0513    0.9416   -0.2730   -0.1973         0
    0.7713   -0.5377   -0.3366   -0.0513    0.9416   -0.2730   -0.1973         0
    0.7713   -0.5377   -0.3366   -0.0513    0.9416   -0.2730   -0.1973         0
    0.7713   -0.5377   -0.3366   -0.0513    0.9416   -0.2730   -0.1973         0
    0.7713   -0.5377   -0.3366   -0.0513    0.9416   -0.2730   -0.1973         0
    0.7713   -0.5377   -0.3366   -0.0513    0.9416   -0.2730   -0.1973         0
    0.7713   -0.5377   -0.3366   -0.0513    0.9416   -0.2730   -0.1973         0
    0.7713   -0.5377   -0.3366   -0.0513    0.9416   -0.2730   -0.1973         0
    0.7713   -0.5377   -0.3366   -0.0513    0.9416   -0.2730   -0.1973         0
    0.7713   -0.5377   -0.3366   -0.0513    0.9416   -0.2730   -0.1973         0
    0.7713   -0.5377   -0.3366   -0.0513    0.9416   -0.2730   -0.1973         0
    0.7713   -0.5377   -0.3366   -0.0513    0.9416   -0.2730   -0.1973         0
    0.7713   -0.5377   -0.3366   -0.0513    0.9416   -0.2730   -0.1973         0
    0.7713   -0.5377   -0.3366   -0.0513    0.9416   -0.2730   -0.1973         0
    0.7713   -0.5377   -0.3366   -0.0513    0.9416   -0.2730   -0.1973         0
    0.7713   -0.5377   -0.3366   -0.0513    0.9416   -0.2730   -0.1973         0
    0.7713   -0.5377   -0.3366   -0.0513    0.9416   -0.2730   -0.1973         0
    0.7713   -0.5377   -0.3366   -0.0513    0.9416   -0.2730   -0.1973         0
    0.7713   -0.5377   -0.3366   -0.0513    0.9416   -0.2730   -0.1973         0
    0.7713   -0.5377   -0.3366   -0.0513    0.9416   -0.2730   -0.1973         0
    0.7713   -0.5377   -0.3366   -0.0513    0.9416   -0.2730   -0.1973         0
    0.7713   -0.5377   -0.3366   -0.0513    0.9416   -0.2730   -0.1973         0
    0.7713   -0.5377   -0.3366   -0.0513    0.9416   -0.2730   -0.1973         0
    0.7713   -0.5377   -0.3366   -0.0513    0.9416   -0.2730   -0.1973         0
    0.7713   -0.5377   -0.3366   -0.0513    0.9416   -0.2730   -0.1973         0
    0.7713   -0.5377   -0.3366   -0.0513    0.9416   -0.2730   -0.1973         0
    0.7713   -0.5377   -0.3366   -0.0513    0.9416   -0.2730   -0.1973         0
    0.7713   -0.5377   -0.3366   -0.0513    0.9416   -0.2730   -0.1973         0
    0.7713   -0.5377   -0.3366   -0.0513    0.9416   -0.2730   -0.1973         0
    0.7713   -0.5377   -0.3366   -0.0513    0.9416   -0.2730   -0.1973         0
    0.7713   -0.5377   -0.3366   -0.0513    0.9416   -0.2730   -0.1973         0
    0.7713   -0.5377   -0.3366   -0.0513    0.9416   -0.2730   -0.1973         0
    0.7713   -0.5377   -0.3366   -0.0513    0.9416   -0.2730   -0.1973         0
    0.7713   -0.5377   -0.3366   -0.0513    0.9416   -0.2730   -0.1973         0
    0.7713   -0.5377   -0.3366   -0.0513    0.9416   -0.2730   -0.1973         0
    0.7713   -0.5377   -0.3366   -0.0513    0.9416   -0.2730   -0.1973         0
    0.7713   -0.5377   -0.3366   -0.0513    0.9416   -0.2730   -0.1973         0
    0.7713   -0.5377   -0.3366   -0.0513    0.9416   -0.2730   -0.1973         0
    0.7713   -0.5377   -0.3366   -0.0513    0.9416   -0.2730   -0.1973         0
    0.7713   -0.5377   -0.3366   -0.0513    0.9416   -0.2730   -0.1973         0
    0.7713   -0.5377   -0.3366   -0.0513    0.9416   -0.2730   -0.1973         0
    0.7713   -0.5377   -0.3366   -0.0513    0.9416   -0.2730   -0.1973         0
    0.7713   -0.5377   -0.3366   -0.0513    0.9416   -0.2730   -0.1973         0
    0.7713   -0.5377   -0.3366   -0.0513    0.9416   -0.2730   -0.1973         0
    0.7713   -0.5377   -0.3366   -0.0513    0.9416   -0.2730   -0.1973         0
    0.7713   -0.5377   -0.3366   -0.0513    0.9416   -0.2730   -0.1973         0
    0.7713   -0.5377   -0.3366   -0.0513    0.9416   -0.2730   -0.1973         0
    0.7713   -0.5377   -0.3366   -0.0513    0.9416   -0.2730   -0.1973         0
    0.7713   -0.5377   -0.3366   -0.0513    0.9416   -0.2730   -0.1973         0
    0.7713   -0.5377   -0.3366   -0.0513    0.9416   -0.2730   -0.1973         0
    0.7713   -0.5377   -0.3366   -0.0513    0.9416   -0.2730   -0.1973         0
    0.7713   -0.5377   -0.3366   -0.0513    0.9416   -0.2730   -0.1973         0
    0.7713   -0.5377   -0.3366   -0.0513    0.9416   -0.2730   -0.1973         0
    0.7713   -0.5377   -0.3366   -0.0513    0.9416   -0.2730   -0.1973         0
    0.7713   -0.5377   -0.3366   -0.0513    0.9416   -0.2730   -0.1973         0
    0.7713   -0.5377   -0.3366   -0.0513    0.9416   -0.2730   -0.1973         0
    0.7713   -0.5377   -0.3366   -0.0513    0.9416   -0.2730   -0.1973         0
    0.7713   -0.5377   -0.3366   -0.0513    0.9416   -0.2730   -0.1973         0
    0.7713   -0.5377   -0.3366   -0.0513    0.9416   -0.2730   -0.1973         0
    0.7713   -0.5377   -0.3366   -0.0513    0.9416   -0.2730   -0.1973         0
    0.7713   -0.5377   -0.3366   -0.0513    0.9416   -0.2730   -0.1973         0
    0.7713   -0.5377   -0.3366   -0.0513    0.9416   -0.2730   -0.1973         0
    0.7713   -0.5377   -0.3366   -0.0513    0.9416   -0.2730   -0.1973         0
    0.7713   -0.5377   -0.3366   -0.0513    0.9416   -0.2730   -0.1973         0
    0.7713   -0.5377   -0.3366   -0.0513    0.9416   -0.2730   -0.1973         0
    0.7713   -0.5377   -0.3366   -0.0513    0.9416   -0.2730   -0.1973         0
    0.7713   -0.5377   -0.3366   -0.0513    0.9416   -0.2730   -0.1973         0
    0.7713   -0.5377   -0.3366   -0.0513    0.9416   -0.2730   -0.1973         0
    0.7713   -0.5377   -0.3366   -0.0513    0.9416   -0.2730   -0.1973         0
    0.7713   -0.5377   -0.3366   -0.0513    0.9416   -0.2730   -0.1973         0
    0.7713   -0.5377   -0.3366   -0.0513    0.9416   -0.2730   -0.1973         0
    0.7713   -0.5377   -0.3366   -0.0513    0.9416   -0.2730   -0.1973         0
    0.7713   -0.5377   -0.3366   -0.0513    0.9416   -0.2730   -0.1973         0
    0.7713   -0.5377   -0.3366   -0.0513    0.9416   -0.2730   -0.1973         0
    0.7713   -0.5377   -0.3366   -0.0513    0.9416   -0.2730   -0.1973         0
    0.7713   -0.5377   -0.3366   -0.0513    0.9416   -0.2730   -0.1973         0
    0.7713   -0.5377   -0.3366   -0.0513    0.9416   -0.2730   -0.1973         0
    0.7713   -0.5377   -0.3366   -0.0513    0.9416   -0.2730   -0.1973         0
    0.7713   -0.5377   -0.3366   -0.0513    0.9416   -0.2730   -0.1973         0
    0.7713   -0.5377   -0.3366   -0.0513    0.9416   -0.2730   -0.1973         0
    0.7713   -0.5377   -0.3366   -0.0513    0.9416   -0.2730   -0.1973         0
    0.7713   -0.5377   -0.3366   -0.0513    0.9416   -0.2730   -0.1973         0
    0.7713   -0.5377   -0.3366   -0.0513    0.9416   -0.2730   -0.1973         0
    0.7713   -0.5377   -0.3366   -0.0513    0.9416   -0.2730   -0.1973         0
    0.7713   -0.5377   -0.3366   -0.0513    0.9416   -0.2730   -0.1973         0
    0.7713   -0.5377   -0.3366   -0.0513    0.9416   -0.2730   -0.1973         0
    0.7713   -0.5377   -0.3366   -0.0513    0.9416   -0.2730   -0.1973         0
    0.7713   -0.5377   -0.3366   -0.0513    0.9416   -0.2730   -0.1973         0
    0.7713   -0.5377   -0.3366   -0.0513    0.9416   -0.2730   -0.1973         0
    0.7713   -0.5377   -0.3366   -0.0513    0.9416   -0.2730   -0.1973         0
    0.7713   -0.5377   -0.3366   -0.0513    0.9416   -0.2730   -0.1973         0
    0.7713   -0.5377   -0.3366   -0.0513    0.9416   -0.2730   -0.1973         0
    0.7713   -0.5377   -0.3366   -0.0513    0.9416   -0.2730   -0.1973         0
    0.7713   -0.5377   -0.3366   -0.0513    0.9416   -0.2730   -0.1973         0
    0.7713   -0.5377   -0.3366   -0.0513    0.9416   -0.2730   -0.1973         0
    0.7713   -0.5377   -0.3366   -0.0513    0.9416   -0.2730   -0.1973         0
    0.7713   -0.5377   -0.3366   -0.0513    0.9416   -0.2730   -0.1973         0
    0.7713   -0.5377   -0.3366   -0.0513    0.9416   -0.2730   -0.1973         0
    0.7713   -0.5377   -0.3366   -0.0513    0.9416   -0.2730   -0.1973         0
    0.7713   -0.5377   -0.3366   -0.0513    0.9416   -0.2730   -0.1973         0
    0.7713   -0.5377   -0.3366   -0.0513    0.9416   -0.2730   -0.1973         0
    0.7713   -0.5377   -0.3366   -0.0513    0.9416   -0.2730   -0.1973         0
    0.7713   -0.5377   -0.3366   -0.0513    0.9416   -0.2730   -0.1973         0
    0.7713   -0.5377   -0.3366   -0.0513    0.9416   -0.2730   -0.1973         0
    0.7713   -0.5377   -0.3366   -0.0513    0.9416   -0.2730   -0.1973         0
    0.7713   -0.5377   -0.3366   -0.0513    0.9416   -0.2730   -0.1973         0
    0.7713   -0.5377   -0.3366   -0.0513    0.9416   -0.2730   -0.1973         0
    0.7713   -0.5377   -0.3366   -0.0513    0.9416   -0.2730   -0.1973         0
    0.7713   -0.5377   -0.3366   -0.0513    0.9416   -0.2730   -0.1973         0
    0.7713   -0.5377   -0.3366   -0.0513    0.9416   -0.2730   -0.1973         0
    0.7713   -0.5377   -0.3366   -0.0513    0.9416   -0.2730   -0.1973         0
    0.7713   -0.5377   -0.3366   -0.0513    0.9416   -0.2730   -0.1973         0
    0.7713   -0.5377   -0.3366   -0.0513    0.9416   -0.2730   -0.1973         0
    0.7713   -0.5377   -0.3366   -0.0513    0.9416   -0.2730   -0.1973         0
    0.7713   -0.5377   -0.3366   -0.0513    0.9416   -0.2730   -0.1973         0
    0.7713   -0.5377   -0.3366   -0.0513    0.9416   -0.2730   -0.1973         0
    0.7713   -0.5377   -0.3366   -0.0513    0.9416   -0.2730   -0.1973         0
    0.7713   -0.5377   -0.3366   -0.0513    0.9416   -0.2730   -0.1973         0
    0.7713   -0.5377   -0.3366   -0.0513    0.9416   -0.2730   -0.1973         0
    0.7713   -0.5377   -0.3366   -0.0513    0.9416   -0.2730   -0.1973         0
    0.7713   -0.5377   -0.3366   -0.0513    0.9416   -0.2730   -0.1973         0
    0.7713   -0.5377   -0.3366   -0.0513    0.9416   -0.2730   -0.1973         0
    0.7713   -0.5377   -0.3366   -0.0513    0.9416   -0.2730   -0.1973         0
    0.7713   -0.5377   -0.3366   -0.0513    0.9416   -0.2730   -0.1973         0
    0.7713   -0.5377   -0.3366   -0.0513    0.9416   -0.2730   -0.1973         0
    0.7713   -0.5377   -0.3366   -0.0513    0.9416   -0.2730   -0.1973         0
    0.7713   -0.5377   -0.3366   -0.0513    0.9416   -0.2730   -0.1973         0
    0.7713   -0.5377   -0.3366   -0.0513    0.9416   -0.2730   -0.1973         0
    0.7713   -0.5377   -0.3366   -0.0513    0.9416   -0.2730   -0.1973         0
    0.7713   -0.5377   -0.3366   -0.0513    0.9416   -0.2730   -0.1973         0
    0.7713   -0.5377   -0.3366   -0.0513    0.9416   -0.2730   -0.1973         0
    0.7713   -0.5377   -0.3366   -0.0513    0.9416   -0.2730   -0.1973         0
    0.7713   -0.5377   -0.3366   -0.0513    0.9416   -0.2730   -0.1973         0
    0.7713   -0.5377   -0.3366   -0.0513    0.9416   -0.2730   -0.1973         0
    0.7713   -0.5377   -0.3366   -0.0513    0.9416   -0.2730   -0.1973         0
    0.7713   -0.5377   -0.3366   -0.0513    0.9416   -0.2730   -0.1973         0
    0.7713   -0.5377   -0.3366   -0.0513    0.9416   -0.2730   -0.1973         0
    0.7713   -0.5377   -0.3366   -0.0513    0.9416   -0.2730   -0.1973         0
    0.7713   -0.5377   -0.3366   -0.0513    0.9416   -0.2730   -0.1973         0
    0.7713   -0.5377   -0.3366   -0.0513    0.9416   -0.2730   -0.1973         0
    0.7713   -0.5377   -0.3366   -0.0513    0.9416   -0.2730   -0.1973         0
    0.7713   -0.5377   -0.3366   -0.0513    0.9416   -0.2730   -0.1973         0
    0.7713   -0.5377   -0.3366   -0.0513    0.9416   -0.2730   -0.1973         0
    0.7713   -0.5377   -0.3366   -0.0513    0.9416   -0.2730   -0.1973         0
    0.7713   -0.5377   -0.3366   -0.0513    0.9416   -0.2730   -0.1973         0
    0.7713   -0.5377   -0.3366   -0.0513    0.9416   -0.2730   -0.1973         0
    0.7713   -0.5377   -0.3366   -0.0513    0.9416   -0.2730   -0.1973         0
    0.7713   -0.5377   -0.3366   -0.0513    0.9416   -0.2730   -0.1973         0
    0.7713   -0.5377   -0.3366   -0.0513    0.9416   -0.2730   -0.1973         0
    0.7713   -0.5377   -0.3366   -0.0513    0.9416   -0.2730   -0.1973         0
    0.7713   -0.5377   -0.3366   -0.0513    0.9416   -0.2730   -0.1973         0
    0.7713   -0.5377   -0.3366   -0.0513    0.9416   -0.2730   -0.1973         0
    0.7713   -0.5377   -0.3366   -0.0513    0.9416   -0.2730   -0.1973         0
    0.7713   -0.5377   -0.3366   -0.0513    0.9416   -0.2730   -0.1973         0
    0.7713   -0.5377   -0.3366   -0.0513    0.9416   -0.2730   -0.1973         0
    0.7713   -0.5377   -0.3366   -0.0513    0.9416   -0.2730   -0.1973         0
    0.7713   -0.5377   -0.3366   -0.0513    0.9416   -0.2730   -0.1973         0
    0.7713   -0.5377   -0.3366   -0.0513    0.9416   -0.2730   -0.1973         0
    0.7713   -0.5377   -0.3366   -0.0513    0.9416   -0.2730   -0.1973         0
    0.7713   -0.5377   -0.3366   -0.0513    0.9416   -0.2730   -0.1973         0
    0.7713   -0.5377   -0.3366   -0.0513    0.9416   -0.2730   -0.1973         0
    0.7713   -0.5377   -0.3366   -0.0513    0.9416   -0.2730   -0.1973         0
    0.7713   -0.5377   -0.3366   -0.0513    0.9416   -0.2730   -0.1973         0
    0.7713   -0.5377   -0.3366   -0.0513    0.9416   -0.2730   -0.1973         0
    0.7713   -0.5377   -0.3366   -0.0513    0.9416   -0.2730   -0.1973         0
    0.7713   -0.5377   -0.3366   -0.0513    0.9416   -0.2730   -0.1973         0
    0.7713   -0.5377   -0.3366   -0.0513    0.9416   -0.2730   -0.1973         0
    0.7713   -0.5377   -0.3366   -0.0513    0.9416   -0.2730   -0.1973         0
    0.7713   -0.5377   -0.3366   -0.0513    0.9416   -0.2730   -0.1973         0
    0.7713   -0.5377   -0.3366   -0.0513    0.9416   -0.2730   -0.1973         0
    0.7713   -0.5377   -0.3366   -0.0513    0.9416   -0.2730   -0.1973         0
    0.7713   -0.5377   -0.3366   -0.0513    0.9416   -0.2730   -0.1973         0
    0.7713   -0.5377   -0.3366   -0.0513    0.9416   -0.2730   -0.1973         0
    0.7713   -0.5377   -0.3366   -0.0513    0.9416   -0.2730   -0.1973         0
    0.7713   -0.5377   -0.3366   -0.0513    0.9416   -0.2730   -0.1973         0
    0.7713   -0.5377   -0.3366   -0.0513    0.9416   -0.2730   -0.1973         0
    0.7713   -0.5377   -0.3366   -0.0513    0.9416   -0.2730   -0.1973         0
    0.7713   -0.5377   -0.3366   -0.0513    0.9416   -0.2730   -0.1973         0
    0.7713   -0.5377   -0.3366   -0.0513    0.9416   -0.2730   -0.1973         0
    0.7713   -0.5377   -0.3366   -0.0513    0.9416   -0.2730   -0.1973         0
    0.7713   -0.5377   -0.3366   -0.0513    0.9416   -0.2730   -0.1973         0
    0.7713   -0.5377   -0.3366   -0.0513    0.9416   -0.2730   -0.1973         0
    0.7713   -0.5377   -0.3366   -0.0513    0.9416   -0.2730   -0.1973         0
    0.7713   -0.5377   -0.3366   -0.0513    0.9416   -0.2730   -0.1973         0
    0.7713   -0.5377   -0.3366   -0.0513    0.9416   -0.2730   -0.1973         0
    0.7713   -0.5377   -0.3366   -0.0513    0.9416   -0.2730   -0.1973         0
    0.7713   -0.5377   -0.3366   -0.0513    0.9416   -0.2730   -0.1973         0
    0.7713   -0.5377   -0.3366   -0.0513    0.9416   -0.2730   -0.1973         0
    0.7713   -0.5377   -0.3366   -0.0513    0.9416   -0.2730   -0.1973         0
    0.7713   -0.5377   -0.3366   -0.0513    0.9416   -0.2730   -0.1973         0
    0.7713   -0.5377   -0.3366   -0.0513    0.9416   -0.2730   -0.1973         0
    0.7713   -0.5377   -0.3366   -0.0513    0.9416   -0.2730   -0.1973         0
    0.7713   -0.5377   -0.3366   -0.0513    0.9416   -0.2730   -0.1973         0
    0.7713   -0.5377   -0.3366   -0.0513    0.9416   -0.2730   -0.1973         0
    0.7713   -0.5377   -0.3366   -0.0513    0.9416   -0.2730   -0.1973         0
    0.7713   -0.5377   -0.3366   -0.0513    0.9416   -0.2730   -0.1973         0
    0.7713   -0.5377   -0.3366   -0.0513    0.9416   -0.2730   -0.1973         0
    0.7713   -0.5377   -0.3366   -0.0513    0.9416   -0.2730   -0.1973         0
    0.7713   -0.5377   -0.3366   -0.0513    0.9416   -0.2730   -0.1973         0
    0.7713   -0.5377   -0.3366   -0.0513    0.9416   -0.2730   -0.1973         0
    0.7713   -0.5377   -0.3366   -0.0513    0.9416   -0.2730   -0.1973         0
    0.7713   -0.5377   -0.3366   -0.0513    0.9416   -0.2730   -0.1973         0
    0.7713   -0.5377   -0.3366   -0.0513    0.9416   -0.2730   -0.1973         0

o2minsymsTmp(1,:)

ans =

    0.6815   -0.5555   -0.4664   -0.0976    0.9882   -0.1304    0.0119    0.0798

size(o2minsymsTmp)

ans =

     1     8

if system_dependent('IsDebugMode')==1, dbcont; end
i

i =

     1

o2minsymsTmp

o2minsymsTmp =

    0.6815   -0.5555   -0.4664   -0.0976    0.9882   -0.1304    0.0119    0.0798

minIDs

minIDs =

     1

dmin(1:5)

ans =

    0.3163         0         0         0         0

size(dlist)

ans =

        4608           1

oset

oset =

  1×1 <a href="matlab:helpPopup cell" style="font-weight:bold">cell</a> array

    {4608×8 double}

if system_dependent('IsDebugMode')==1, dbquit; end
randOctParityData
max_walltime = 59 minutes
saving parameter file
