oct 
388 
0.41345261 0.41345261 0.57363485 0.57363485 0.57363485 0.57363485 0.41345261 0.41345261 
0.63058889 0.10233049 0.63058889 0.10233049 0.63058889 0.10233049 0.63058889 0.10233049 
0.52223562 0.39730525 0.25843913 0.67630539 0.74931271 0.37073818 0.23246261 0.44922831 
0.63242752 0.61906275 0.10929090 0.08037356 0.36677969 0.52970353 0.43286578 0.44623056 
0.17092266 0.36806015 0.46501989 0.56788838 0.48663044 0.57726709 0.13592083 0.33897283 
0.37174803 0.37174803 0.60150096 0.60150096 0.60150096 0.60150096 0.37174803 0.37174803 
0.44829785 0.44829785 0.54683547 0.54683547 0.54683547 0.54683547 0.44829785 0.44829785 
0.58709330 0.05813369 0.58709330 0.05813369 0.58709330 0.05813369 0.58709330 0.05813369 
0.48884629 0.57160544 0.26683525 0.56842377 0.66656040 0.34842604 0.45933549 0.42815597 
0.48884629 0.57160544 0.26683525 0.56842377 0.38893009 0.64466493 0.39275085 0.48877131 
0.48884629 0.57160544 0.26683525 0.56842377 0.60104126 0.45344117 0.54652829 0.30733930 
0.36134815 0.54564368 0.38945418 0.56464954 0.46536827 0.61159684 0.27450117 0.48252872 
0.36134815 0.54564368 0.38945418 0.56464954 0.56312808 0.33307576 0.54114388 0.42179827 
0.13204100 0.50592191 0.29267711 0.60074525 0.53358826 0.49918217 0.25936062 0.34464380 
0.13204100 0.50592191 0.29267711 0.60074525 0.40592987 0.32947292 0.44822893 0.49568731 
0.34839067 0.34839067 0.61532426 0.61532426 0.61532426 0.61532426 0.34839067 0.34839067 
0.55841380 0.15467167 0.55841380 0.15467167 0.55841380 0.15467167 0.55841380 0.15467167 
0.54946062 0.50207463 0.29868091 0.54328033 0.62883460 0.49250447 0.42978845 0.34005586 
0.54946062 0.50207463 0.29868091 0.54328033 0.68802102 0.47595133 0.27321951 0.40471993 
0.61769319 0.54486814 0.28195454 0.26445965 0.45435431 0.59237869 0.36195859 0.37349576 
0.61769319 0.54486814 0.28195454 0.26445965 0.42484263 0.48900807 0.41391599 0.48674104 
0.49142917 0.58800208 0.11270779 0.57343832 0.77015781 0.49343836 0.07283797 0.29470967 
0.65484310 0.47307872 0.38989909 0.15792975 0.22323440 0.42142832 0.59207210 0.50159872 
0.16350334 0.28066226 0.47972502 0.53120058 0.48292316 0.53304703 0.15737938 0.27512293 
0.60327212 0.65283000 0.06721907 0.36309974 0.72770823 0.38594853 0.28822150 0.40607500 
0.60327212 0.65283000 0.06721907 0.36309974 0.49178235 0.67046841 0.30024118 0.38073816 
0.60327212 0.65283000 0.06721907 0.36309974 0.74534665 0.49743830 0.30585992 0.17305289 
0.50477264 0.59270019 0.13024187 0.35971859 0.61629223 0.35453061 0.33612654 0.36600575 
0.50477264 0.59270019 0.13024187 0.35971859 0.38787590 0.59825756 0.33266047 0.36527596 
0.50477264 0.59270019 0.13024187 0.35971859 0.62184961 0.47142735 0.34168392 0.16358716 
0.42638489 0.53056646 0.26141926 0.45571526 0.50804151 0.55365177 0.18824595 0.37315983 
0.42638489 0.53056646 0.26141926 0.45571526 0.55274373 0.39367978 0.34821794 0.39693340 
0.67994758 0.52936835 0.26431864 0.36124909 0.50321935 0.46833660 0.38739809 0.56593166 
0.46246138 0.44273102 0.38077936 0.52765064 0.62796047 0.50568308 0.26323848 0.33755765 
0.22936480 0.44056981 0.32538458 0.49736172 0.38648099 0.52562270 0.15394046 0.38808418 
0.46329759 0.46329759 0.53418661 0.53418661 0.53418661 0.53418661 0.46329759 0.46329759 
0.46329759 0.46329759 0.53418661 0.53418661 0.27059805 0.27059805 0.65328148 0.65328148 
0.46329759 0.46329759 0.53418661 0.53418661 0.37938632 0.59671268 0.27059805 0.65328148 
0.56488851 0.04014539 0.56488851 0.04014539 0.56488851 0.04014539 0.56488851 0.04014539 
0.33365394 0.33365394 0.62343809 0.62343809 0.62343809 0.62343809 0.33365394 0.33365394 
0.38925593 0.38925593 0.59032180 0.59032180 0.59032180 0.59032180 0.38925593 0.38925593 
0.55035639 0.11296489 0.55035639 0.11296489 0.55035639 0.11296489 0.55035639 0.11296489 
0.41585940 0.48558969 0.44181042 0.61391899 0.65176961 0.47391123 0.43421567 0.37800879 
0.41585940 0.48558969 0.44181042 0.61391899 0.48479663 0.64374962 0.36998880 0.44101736 
0.41585940 0.48558969 0.44181042 0.61391899 0.49239138 0.40783941 0.60589901 0.45269582 
0.46801075 0.48561160 0.34656764 0.56994757 0.55039157 0.51083129 0.30186835 0.49477071 
0.46801075 0.48561160 0.34656764 0.56994757 0.56009342 0.37478975 0.43790989 0.50385016 
-0.02041846 0.44208271 0.35853665 0.58462544 0.52647633 0.46470752 0.32158030 0.21856279 
-0.02041846 0.44208271 0.35853665 0.58462544 0.23758321 0.34606871 0.45357779 0.51222245 
0.68438446 0.64404030 -0.10436129 0.20284480 0.59213005 0.49620272 0.25475505 0.52294553 
0.53518821 0.65561648 -0.23616261 0.00504794 0.51145444 0.43961526 0.32961587 0.45668786 
0.43516215 0.43516215 0.55734541 0.55734541 0.55734541 0.55734541 0.43516215 0.43516215 
0.16475266 0.37075105 0.39330901 0.51478624 0.41571057 0.52407631 0.13225863 0.34544615 
0.47901062 0.49717533 0.27452199 0.63079436 0.74057160 0.38429924 0.32116516 0.38809673 
0.47901062 0.49717533 0.27452199 0.63079436 0.42339416 0.72037805 0.36371330 0.34554859 
0.47901062 0.49717533 0.27452199 0.63079436 0.52155877 0.45462719 0.61060080 0.31361691 
0.29126739 0.42211004 0.45301265 0.54640704 0.47322949 0.56007411 0.26403471 0.39931340 
0.29126739 0.42211004 0.45301265 0.54640704 0.42562829 0.28606307 0.54053861 0.46002302 
0.55416444 0.57187664 0.13744294 0.02472437 0.41308198 0.38056733 0.51165711 0.27637251 
0.55416444 0.57187664 0.13744294 0.02472437 0.40527774 0.68675454 0.11077709 0.07409166 
0.32355904 0.32355904 0.62873647 0.62873647 0.62873647 0.62873647 0.32355904 0.32355904 
0.52860878 0.16940064 0.52860878 0.16940064 0.52860878 0.16940064 0.52860878 0.16940064 
0.56321332 0.53724778 0.31020598 0.48095691 0.66130704 0.51565609 0.28910082 0.38286319 
0.58324242 0.51799021 0.34605145 0.33393340 0.44132973 0.47576700 0.42371456 0.48896677 
0.17016939 0.24981971 0.47764278 0.51146348 0.47859374 0.51210988 0.16821409 0.24799304 
0.59947335 0.61515303 0.13866627 0.41226081 0.68953372 0.41593919 0.31098296 0.42637577 
0.59947335 0.61515303 0.13866627 0.41226081 0.47063215 0.65840897 0.37651921 0.36083953 
0.59947335 0.61515303 0.13866627 0.41226081 0.66500960 0.54961678 0.38113606 0.19335923 
0.53449605 0.59728630 0.12215774 0.29562640 0.59146816 0.39183880 0.32760524 0.36613796 
0.53449605 0.59728630 0.12215774 0.29562640 0.42048036 0.57358764 0.33471799 0.35624680 
0.53449605 0.59728630 0.12215774 0.29562640 0.62592786 0.50307608 0.27774588 0.15079930 
0.35574804 0.49283741 0.31201554 0.45489198 0.48155139 0.52949675 0.21876343 0.33706053 
0.35574804 0.49283741 0.31201554 0.45489198 0.47792678 0.37329457 0.38863050 0.39361057 
0.47158469 0.47158469 0.52688507 0.52688507 0.52688507 0.52688507 0.47158469 0.47158469 
0.55161796 0.03055144 0.55161796 0.03055144 0.55161796 0.03055144 0.55161796 0.03055144 
0.59451980 0.56089034 0.26354079 0.45179934 0.61315207 0.44163049 0.38280064 0.47339083 
0.59451980 0.56089034 0.26354079 0.45179934 0.45473235 0.60424075 0.46152029 0.39590250 
0.59451980 0.56089034 0.26354079 0.45179934 0.57399220 0.58264926 0.44288802 0.27664265 
0.28994491 0.37825798 0.44700129 0.52411367 0.43369442 0.58648933 0.27380223 0.30761047 
0.28994491 0.37825798 0.44700129 0.52411367 0.35841336 0.31408835 0.55511529 0.40790664 
0.30200102 0.44254217 0.35186392 0.46495907 0.43587190 0.48213336 0.28459953 0.35158153 
0.30200102 0.44254217 0.35186392 0.46495907 0.41072752 0.34374553 0.42854594 0.39564333 
0.52397922 0.54718114 0.11327810 0.59042404 0.52220820 0.47167760 0.43278984 0.50289729 
0.52397922 0.54718114 0.11327810 0.59042404 0.65444028 0.58433283 0.26142294 0.31195353 
0.52397922 0.54718114 0.11327810 0.59042404 0.76376146 0.28661551 0.29135157 0.43014898 
0.52397922 0.54718114 0.11327810 0.59042404 0.37191949 0.73247464 0.37235124 0.34914931 
0.52397922 0.54718114 0.11327810 0.59042404 0.60497889 0.46618147 0.55913723 0.19858208 
0.26030674 0.47606243 0.46800025 0.69483666 0.41797488 0.41534720 0.56782366 0.57146938 
0.26030674 0.47606243 0.46800025 0.69483666 0.57724027 0.57359456 0.40734051 0.40996819 
0.26030674 0.47606243 0.46800025 0.69483666 0.47529417 0.47537312 0.24998512 0.69414735 
0.26030674 0.47606243 0.46800025 0.69483666 0.70074820 0.25658597 0.46563090 0.47172103 
0.26030674 0.47606243 0.46800025 0.69483666 0.26102193 0.69912123 0.46871544 0.46863649 
0.26030674 0.47606243 0.46800025 0.69483666 0.47837871 0.47228858 0.69252038 0.25442109 
0.26030674 0.47606243 0.46800025 0.69483666 0.70143751 0.47157339 0.46632020 0.25370590 
0.26030674 0.47606243 0.46800025 0.69483666 0.47600936 0.69843192 0.25070031 0.46794718 
0.26030674 0.47606243 0.46800025 0.69483666 0.47768940 0.25730115 0.69183107 0.47243622 
0.55532193 0.63497757 -0.10880093 0.08783156 0.80857574 0.13757006 0.23948701 0.03250711 
0.55532193 0.63497757 -0.10880093 0.08783156 0.20118124 0.60734381 0.38237406 0.43065980 
0.55532193 0.63497757 -0.10880093 0.08783156 0.74178904 0.38237406 -0.03636906 -0.20792922 
0.55532193 0.63497757 -0.10880093 0.08783156 0.40917491 0.71288718 -0.02743690 0.23397858 
0.55532193 0.63497757 -0.10880093 0.08783156 0.72177090 0.33600002 0.19017662 0.24721368 
0.31622777 0.31622777 0.63245553 0.63245553 0.54772256 0.44721360 0.54772256 0.44721360 
0.31622777 0.31622777 0.63245553 0.63245553 0.63245553 0.63245553 0.31622777 0.31622777 
0.30057306 0.54004473 0.44474621 0.63174626 0.72737661 0.03790585 0.66681249 0.06117612 
0.30057306 0.54004473 0.44474621 0.63174626 0.49286310 0.65687448 0.24075593 0.49652137 
0.27773639 0.61164737 0.22723886 0.59043416 0.45911309 0.48864839 0.22169385 0.59396108 
0.27773639 0.61164737 0.22723886 0.59043416 0.62296969 0.24793313 0.45258595 0.44396383 
0.49625893 0.59731043 0.09973535 0.44744690 0.41388004 0.66816982 0.19963539 0.39447008 
0.49625893 0.59731043 0.09973535 0.44744690 0.70267778 0.33060037 0.28001681 0.36296894 
0.49625893 0.59731043 0.09973535 0.44744690 0.37549166 0.68381967 0.32685840 0.31268002 
0.49625893 0.59731043 0.09973535 0.44744690 0.62997364 0.46014839 0.42858878 0.14462664 
0.35859346 0.35859346 0.60943477 0.60943477 0.60943477 0.60943477 0.35859346 0.35859346 
0.52894066 0.13706229 0.52894066 0.13706229 0.52894066 0.13706229 0.52894066 0.13706229 
0.62305932 0.50302009 0.37685281 0.43248422 0.49613620 0.45833782 0.43936810 0.56658958 
0.62305932 0.50302009 0.37685281 0.43248422 0.45042289 0.37965889 0.46730905 0.63631232 
0.62305932 0.50302009 0.37685281 0.43248422 0.68150900 0.52443035 0.28941889 0.38346808 
0.49687199 0.49586493 0.35474140 0.45492664 0.60459187 0.52344217 0.27990021 0.32817122 
0.49687199 0.49586493 0.35474140 0.45492664 0.63499649 0.59895457 0.17988640 0.17674069 
0.49687199 0.49586493 0.35474140 0.45492664 0.38557225 0.41596089 0.48358873 0.51963066 
0.42768916 0.52801333 0.34991954 0.63944962 0.55184236 0.50261010 0.38065804 0.53945171 
0.42768916 0.52801333 0.34991954 0.63944962 0.55271158 0.39513773 0.48813040 0.54144287 
0.34581230 0.50294993 0.37739105 0.58071894 0.40255402 0.45846757 0.37546975 0.58222288 
0.34581230 0.50294993 0.37739105 0.58071894 0.61190527 0.40180289 0.41807595 0.37622088 
0.34581230 0.50294993 0.37739105 0.58071894 0.61340921 0.39988159 0.46255830 0.31947916 
0.34581230 0.50294993 0.37739105 0.58071894 0.40074751 0.61284468 0.31877834 0.46304046 
0.34581230 0.50294993 0.37739105 0.58071894 0.50343208 0.34511148 0.58015441 0.37825697 
0.34581230 0.50294993 0.37739105 0.58071894 0.65881391 0.51076902 0.33976874 0.20454760 
0.34581230 0.50294993 0.37739105 0.58071894 0.23864245 0.38350542 0.49578870 0.63432658 
0.20374988 0.51872957 0.27369625 0.56330790 0.46287743 0.48072745 0.31732421 0.39594286 
0.20374988 0.51872957 0.27369625 0.56330790 0.43136236 0.35274371 0.44829183 0.43743872 
0.20374988 0.51872957 0.27369625 0.56330790 0.35398638 0.56574875 0.23306067 0.45069338 
0.24452364 0.44417808 0.28749393 0.46920690 0.34227579 0.49677815 0.18209446 0.40347765 
0.61372140 0.54043947 0.37947490 0.37895991 0.48562741 0.50484371 0.44447976 0.51776169 
0.61372140 0.54043947 0.37947490 0.37895991 0.49497807 0.49549306 0.52872821 0.43159055 
0.61372140 0.54043947 0.37947490 0.37895991 0.52755026 0.62468792 0.38882556 0.36960925 
0.35466278 0.43286783 0.41265817 0.57557608 0.54382084 0.49982236 0.32282531 0.40614672 
0.35466278 0.43286783 0.41265817 0.57557608 0.43305168 0.35406504 0.47537129 0.52522487 
0.25555088 0.50213082 0.26894109 0.50907604 0.31318500 0.53007261 0.20853703 0.47579389 
0.25555088 0.50213082 0.26894109 0.50907604 0.51422504 0.23006598 0.49390573 0.29602150 
0.62981939 0.65977431 0.11060226 0.28948437 0.68896981 0.47972550 0.29065107 0.37244416 
0.62981939 0.65977431 0.11060226 0.28948437 0.54156900 0.64584875 0.30551373 0.35249457 
0.62981939 0.65977431 0.11060226 0.28948437 0.72161781 0.56288896 0.24636331 0.17244576 
0.50591219 0.55905334 0.22166537 0.37938526 0.57446137 0.41674148 0.34793126 0.36989324 
0.50591219 0.55905334 0.22166537 0.37938526 0.39986957 0.58533138 0.38548283 0.33234167 
0.50591219 0.55905334 0.22166537 0.37938526 0.54346375 0.52150178 0.39025527 0.20479346 
0.37636980 0.50015705 0.28630348 0.40062443 0.42749117 0.51446740 0.24924113 0.35317753 
0.37636980 0.50015705 0.28630348 0.40062443 0.49121863 0.38728224 0.36507174 0.33124050 
0.39642443 0.39642443 0.58553195 0.58553195 0.58553195 0.58553195 0.39642443 0.39642443 
0.47682918 0.47682918 0.52214360 0.52214360 0.52214360 0.52214360 0.47682918 0.47682918 
0.54282739 0.02462320 0.54282739 0.02462320 0.54282739 0.02462320 0.54282739 0.02462320 
0.42920933 0.42920933 0.56194248 0.56194248 0.56194248 0.56194248 0.42920933 0.42920933 
0.42920933 0.42920933 0.56194248 0.56194248 0.31066839 0.31066839 0.63520481 0.63520481 
0.42920933 0.42920933 0.56194248 0.56194248 0.63520481 0.63520481 0.31066839 0.31066839 
0.31066839 0.31066839 0.63520481 0.63520481 0.63520481 0.63520481 0.31066839 0.31066839 
0.53728556 0.07195225 0.53728556 0.07195225 0.53728556 0.07195225 0.53728556 0.07195225 
0.51274084 0.17592536 0.51274084 0.17592536 0.51274084 0.17592536 0.51274084 0.17592536 
0.57099151 0.55391725 0.31526350 0.44608959 0.64666304 0.53596426 0.29766140 0.37041806 
0.68605256 0.56819194 0.15598548 0.33651714 0.56039622 0.56546780 0.32841183 0.43523945 
0.68605256 0.56819194 0.15598548 0.33651714 0.63603766 0.54935990 0.30892479 0.35959801 
0.68605256 0.56819194 0.15598548 0.33651714 0.54763082 0.45104420 0.35707826 0.54794178 
0.55950525 0.50446289 0.37718348 0.36793196 0.44846050 0.47068524 0.43127834 0.48632070 
0.55950525 0.50446289 0.37718348 0.36793196 0.47049924 0.34821647 0.41053047 0.57793662 
0.55950525 0.50446289 0.37718348 0.36793196 0.62827360 0.48747468 0.24067696 0.39355502 
0.46395075 0.37973552 0.42460736 0.54647433 0.60995380 0.52164094 0.24411852 0.36691717 
0.17482308 0.23461037 0.47511063 0.50020898 0.47550849 0.50050524 0.17397311 0.23380294 
0.19395258 0.40360282 0.34081299 0.49135641 0.37240715 0.50546113 0.15348543 0.37464869 
0.64122874 0.56787581 0.29134875 0.33676707 0.54135018 0.54637340 0.36329270 0.45649523 
0.64122874 0.56787581 0.29134875 0.33676707 0.52169304 0.56363594 0.48117559 0.33252720 
0.64122874 0.56787581 0.29134875 0.33676707 0.53711031 0.66590910 0.35905283 0.26666839 
0.51103263 0.54378298 0.14058725 0.16526668 0.34149065 0.40795894 0.44065989 0.35595595 
0.51103263 0.54378298 0.14058725 0.16526668 0.49475244 0.55738656 0.19010300 0.11105506 
0.31615208 0.42529185 0.36811658 0.46522127 0.39265869 0.48312903 0.28804394 0.40274324 
0.31615208 0.42529185 0.36811658 0.46522127 0.42990340 0.30983207 0.45941462 0.37535490 
0.69347979 0.66852531 0.08827485 0.01950888 0.30309940 0.83992050 0.16924890 0.33171144 
0.69347979 0.66852531 0.08827485 0.01950888 0.81550618 0.42846493 0.27645838 0.10464986 
0.69347979 0.66852531 0.08827485 0.01950888 0.25616941 0.87618810 0.25258468 0.19719527 
0.69347979 0.66852531 0.08827485 0.01950888 0.76065739 0.45103421 0.39239336 -0.00304662 
0.69347979 0.66852531 0.08827485 0.01950888 0.25580180 0.83625826 0.35005247 0.22071294 
0.69347979 0.66852531 0.08827485 0.01950888 0.74585431 0.50966716 0.33829970 -0.07421192 
0.39418887 0.62198556 0.12839756 0.62031585 0.34085657 0.71204770 0.21875384 0.52199638 
0.39418887 0.62198556 0.12839756 0.62031585 0.68518796 0.27622938 0.57192962 0.26578165 
0.39418887 0.62198556 0.12839756 0.62031585 0.47399602 0.62455116 0.07690248 0.56822373 
0.39418887 0.62198556 0.12839756 0.62031585 0.71244397 0.17248204 0.47245815 0.42776794 
0.51518924 0.64364026 -0.00748009 0.49721557 0.37148942 0.70039567 0.23742361 0.49197922 
0.51518924 0.64364026 -0.00748009 0.49721557 0.77143296 0.32236250 0.43540725 0.19587277 
0.24386301 0.59046916 0.31299629 0.68417625 0.62501495 0.58852946 0.31235478 0.37364514 
0.24386301 0.59046916 0.31299629 0.68417625 0.37776966 0.31671746 0.58590172 0.62280504 
0.24386301 0.59046916 0.31299629 0.68417625 0.31839339 0.37636022 0.62017449 0.58868417 
0.24386301 0.59046916 0.31299629 0.68417625 0.59131191 0.62238439 0.37223570 0.31403071 
0.24386301 0.59046916 0.31299629 0.68417625 0.68830077 0.31468814 0.58566544 0.24165311 
0.24386301 0.59046916 0.31299629 0.68417625 0.31775188 0.68689132 0.23902255 0.58674448 
0.24386301 0.59046916 0.31299629 0.68417625 0.59154819 0.24123246 0.68276680 0.31606003 
0.24386301 0.59046916 0.31299629 0.68417625 0.40361786 0.64013645 0.19143401 0.60403459 
0.24386301 0.59046916 0.31299629 0.68417625 0.60851160 0.19424750 0.63589118 0.40225708 
0.24386301 0.59046916 0.31299629 0.68417625 0.19695507 0.60764372 0.39940171 0.63768557 
0.24386301 0.59046916 0.31299629 0.68417625 0.64193085 0.40076248 0.60316671 0.19414158 
0.51330432 0.65705539 0.00487298 0.46448852 0.73636855 0.52863669 0.10855673 0.27838190 
0.51330432 0.65705539 0.00487298 0.46448852 0.51889205 0.36295465 0.37540716 0.60750380 
0.51330432 0.65705539 0.00487298 0.46448852 0.47950894 0.42087087 0.42455938 0.56891533 
0.51330432 0.65705539 0.00487298 0.46448852 0.72214487 0.55342412 0.18036072 0.22511102 
0.51330432 0.65705539 0.00487298 0.46448852 0.72555342 0.16893356 0.40950395 0.43395464 
0.51330432 0.65705539 0.00487298 0.46448852 0.35723396 0.66519597 0.23537521 0.53429689 
0.51330432 0.65705539 0.00487298 0.46448852 0.78184833 0.31472489 0.40413107 0.19317337 
0.63988646 0.65181888 -0.02564032 0.09626694 0.49499992 0.57473640 0.37259221 0.36065979 
0.63988646 0.65181888 -0.02564032 0.09626694 0.68926048 0.60244486 0.07890995 -0.00082652 
0.63988646 0.65181888 -0.02564032 0.09626694 0.68751290 0.58273205 -0.09195028 0.15343336 
0.63988646 0.65181888 -0.02564032 0.09626694 0.57404142 0.46909925 0.23378369 0.48991307 
0.63988646 0.65181888 -0.02564032 0.09626694 0.25765131 0.79672092 0.18878812 0.32780774 
0.63988646 0.65181888 -0.02564032 0.09626694 0.83734714 0.29589837 0.23567138 -0.00045484 
0.62685220 0.65785793 -0.03534715 0.13168024 0.43954838 0.58211266 0.52080521 0.20251878 
0.62685220 0.65785793 -0.03534715 0.13168024 0.54250504 0.71333005 0.17230716 -0.10709162 
0.62685220 0.65785793 -0.03534715 0.13168024 0.25848831 0.84858868 0.03619250 0.23681427 
0.62685220 0.65785793 -0.03534715 0.13168024 0.78345427 0.28766966 0.35213587 0.15412899 
0.38281753 0.38281753 0.59451723 0.59451723 0.59451723 0.59451723 0.38281753 0.38281753 
0.52756191 0.11427476 0.52756191 0.11427476 0.52756191 0.11427476 0.52756191 0.11427476 
0.45705607 0.45705607 0.53953660 0.53953660 0.53953660 0.53953660 0.45705607 0.45705607 
0.49888567 0.62698493 0.22374210 0.51584017 0.62860560 0.30853734 0.52052091 0.44369621 
0.49888567 0.62698493 0.22374210 0.51584017 0.35660549 0.60368775 0.39278301 0.55880567 
0.49888567 0.62698493 0.22374210 0.51584017 0.66526969 0.44797247 0.49092232 0.27181024 
0.49888567 0.62698493 0.22374210 0.51584017 0.50711541 0.61442070 0.09353813 0.56099947 
0.49888567 0.62698493 0.22374210 0.51584017 0.67065947 0.18231289 0.49863311 0.47591128 
0.49888567 0.62698493 0.22374210 0.51584017 0.23459060 0.65657091 0.42640016 0.53871461 
0.49888567 0.62698493 0.22374210 0.51584017 0.65450221 0.45760430 0.54691091 0.14581583 
0.60353216 0.65461129 -0.17471923 0.34125965 0.80640231 0.20183495 0.16347732 0.47117417 
0.60353216 0.65461129 -0.17471923 0.34125965 0.46490212 0.73550711 0.22202878 0.36517187 
0.60353216 0.65461129 -0.17471923 0.34125965 0.85630584 0.35438676 0.27036445 0.08834795 
0.26012849 0.58860004 0.24093005 0.69365867 0.33938310 0.72651253 0.16885275 0.53086144 
0.26012849 0.58860004 0.24093005 0.69365867 0.61102480 0.20160926 0.66332312 0.31516871 
0.26012849 0.58860004 0.24093005 0.69365867 0.50781238 0.61689416 0.10757149 0.55074770 
0.26012849 0.58860004 0.24093005 0.69365867 0.61947092 0.16026183 0.55180785 0.48929184 
0.59116003 0.64853072 -0.10983414 0.35902471 0.40746252 0.68692395 0.25558306 0.45586362 
0.59116003 0.64853072 -0.10983414 0.35902471 0.82523392 0.36068869 0.29691391 0.10844043 
0.66383476 0.63482469 0.13433085 0.06363002 0.41781851 0.60230625 0.40986180 0.40055051 
0.66383476 0.63482469 0.13433085 0.06363002 0.52922716 0.50334627 0.51560846 0.25784022 
0.66383476 0.63482469 0.13433085 0.06363002 0.48280311 0.77889271 0.14915778 0.06125177 
0.66383476 0.63482469 0.13433085 0.06363002 0.33166890 0.74228676 0.09532003 0.44237170 
0.66383476 0.63482469 0.13433085 0.06363002 0.79656020 0.35860428 0.23590591 0.21683116 
0.66383476 0.63482469 0.13433085 0.06363002 0.19410671 0.83386518 0.33188912 0.15037815 
0.66383476 0.63482469 0.13433085 0.06363002 0.65675900 0.44672685 0.47967669 -0.06917754 
0.59853378 0.70894912 0.01196777 -0.09151914 0.24445811 0.60479569 0.54730109 0.37986109 
0.59853378 0.70894912 0.01196777 -0.09151914 0.45996393 0.44038224 0.68088657 0.01614516 
0.59853378 0.70894912 0.01196777 -0.09151914 0.17779320 0.89955926 0.10440499 -0.13286399 
0.56020776 0.37568021 0.35997056 0.61063299 0.67334901 0.47004789 0.23906399 0.47531497 
0.62432725 0.60597132 0.11305758 0.20086819 0.47942262 0.45876961 0.39114720 0.46562223 
0.30631069 0.30631069 0.63731763 0.63731763 0.63731763 0.63731763 0.30631069 0.30631069 
0.14332713 0.29380548 0.43730378 0.50696507 0.44122479 0.50885118 0.13647977 0.28788354 
0.48044342 0.48044342 0.51881993 0.51881993 0.51881993 0.51881993 0.48044342 0.48044342 
0.48044342 0.48044342 0.51881993 0.51881993 0.34026626 0.34026626 0.61985391 0.61985391 
0.48044342 0.48044342 0.51881993 0.51881993 0.61985391 0.61985391 0.34026626 0.34026626 
0.34026626 0.34026626 0.61985391 0.61985391 0.61985391 0.61985391 0.34026626 0.34026626 
0.53658511 0.02060745 0.53658511 0.02060745 0.53658511 0.02060745 0.53658511 0.02060745 
0.51556598 0.15013317 0.51556598 0.15013317 0.51556598 0.15013317 0.51556598 0.15013317 
0.68633080 0.63274017 -0.08428219 0.22999689 0.60561464 0.46719887 0.25712242 0.52939242 
0.48256301 0.64634411 -0.34775469 -0.01222340 0.53741431 0.39211237 0.28059783 0.48256301 
0.16130094 0.36636968 0.37690061 0.50026275 0.39404151 0.50742446 0.13711758 0.34786794 
0.65497431 0.64832428 0.10514431 0.25716351 0.62475702 0.49478062 0.32935398 0.42766911 
0.65497431 0.64832428 0.10514431 0.25716351 0.51371570 0.61126347 0.40584761 0.35248401 
0.65497431 0.64832428 0.10514431 0.25716351 0.67145432 0.63315281 0.24366996 0.12407939 
0.37936187 0.28856570 0.49944626 0.65579276 0.66618767 0.51397850 0.26257955 0.36023377 
0.37936187 0.28856570 0.49944626 0.65579276 0.48782075 0.68544207 0.37069732 0.24795134 
0.37936187 0.28856570 0.49944626 0.65579276 0.27393749 0.38982542 0.67504717 0.47328851 
0.22671850 0.48732580 0.25417396 0.48194771 0.37852273 0.48303111 0.24224768 0.38792173 
0.22671850 0.48732580 0.25417396 0.48194771 0.45018034 0.29321482 0.42429464 0.34220244 
0.44021032 0.44021032 0.55336686 0.55336686 0.55336686 0.55336686 0.44021032 0.44021032 
0.53272471 0.06067096 0.53272471 0.06067096 0.53272471 0.06067096 0.53272471 0.06067096 
0.68387598 0.62112120 0.14539647 0.22947804 0.30761661 0.82055653 0.21090903 0.33890204 
0.68387598 0.62112120 0.14539647 0.22947804 0.77632157 0.40652898 0.38313700 0.11199665 
0.68387598 0.62112120 0.14539647 0.22947804 0.54202869 0.59302298 0.30857055 0.43196189 
0.68387598 0.62112120 0.14539647 0.22947804 0.52234683 0.59899327 0.50263803 0.20735011 
0.68387598 0.62112120 0.14539647 0.22947804 0.51990075 0.75455213 0.28644262 0.07472032 
0.56787434 0.59107892 0.14394293 0.48585583 0.44149464 0.60052588 0.35743156 0.49530279 
0.56787434 0.59107892 0.14394293 0.48585583 0.57469997 0.68239101 0.15076857 0.33160565 
0.56787434 0.59107892 0.14394293 0.48585583 0.63345089 0.38967571 0.44348386 0.42290175 
0.56787434 0.59107892 0.14394293 0.48585583 0.73420994 0.50922978 0.29868064 0.20258749 
0.27657586 0.42158308 0.39385331 0.50631859 0.42158308 0.52393770 0.24154090 0.39385331 
0.27657586 0.42158308 0.39385331 0.50631859 0.42711598 0.26786793 0.49761067 0.40485526 
0.49344253 0.52943712 0.37382975 0.56650963 0.59991105 0.40484061 0.49170624 0.46787478 
0.49344253 0.52943712 0.37382975 0.56650963 0.41288390 0.59446063 0.46075442 0.49831700 
0.49344253 0.52943712 0.37382975 0.56650963 0.53604787 0.48632216 0.56105921 0.38187305 
0.40873190 0.50151764 0.35523942 0.45896974 0.47380584 0.54972863 0.27479705 0.39143710 
0.40873190 0.50151764 0.35523942 0.45896974 0.52193787 0.38205512 0.43420224 0.38537400 
0.27906010 0.47069703 0.31288669 0.48391155 0.35115053 0.56078646 0.22601712 0.37765966 
0.27906010 0.47069703 0.31288669 0.48391155 0.46806496 0.28348108 0.48737200 0.30744253 
0.59981598 0.56330965 0.20946968 0.46159529 0.65473868 0.43108025 0.32875755 0.45983723 
0.59981598 0.56330965 0.20946968 0.46159529 0.45000792 0.64344281 0.44425112 0.34664088 
0.59981598 0.56330965 0.20946968 0.46159529 0.58119297 0.58422987 0.45029942 0.22839735 
0.55897985 0.59870905 0.11400034 0.22966293 0.56395951 0.42985195 0.32343044 0.35947441 
0.55897985 0.59870905 0.11400034 0.22966293 0.45038480 0.54907854 0.33453945 0.34698961 
0.55897985 0.59870905 0.11400034 0.22966293 0.62226822 0.53404489 0.21478195 0.13453319 
0.28544993 0.44810933 0.34391847 0.45719901 0.45645528 0.49776816 0.24235434 0.30778936 
0.28544993 0.44810933 0.34391847 0.45719901 0.40407374 0.34426150 0.41385207 0.39563793 
0.67879656 0.69672090 -0.02984811 0.06746884 0.59914873 0.62280727 0.27811984 0.35694398 
0.67879656 0.69672090 -0.02984811 0.06746884 0.57227061 0.63800518 0.42113236 0.19932639 
0.67879656 0.69672090 -0.02984811 0.06746884 0.61792745 0.74298494 0.10632530 -0.08038476 
0.55859928 0.62329953 -0.11335127 -0.02045420 0.57781954 0.60003193 -0.12706503 -0.06118080 
0.55859928 0.62329953 -0.11335127 -0.02045420 0.47016498 0.47611961 0.34510838 0.38335045 
0.23781452 0.43722891 0.34070298 0.50069142 0.35259629 0.50704110 0.22395750 0.42769557 
0.23781452 0.43722891 0.34070298 0.50069142 0.44007865 0.23247681 0.49641285 0.34692201 
0.40031891 0.40031891 0.58287629 0.58287629 0.58287629 0.58287629 0.40031891 0.40031891 
0.52570879 0.09761238 0.52570879 0.09761238 0.52570879 0.09761238 0.52570879 0.09761238 
0.70513513 0.56070948 0.24434789 0.23934772 0.73893286 0.36640519 0.47883445 0.13801055 
0.70513513 0.56070948 0.24434789 0.23934772 0.44474609 0.56614530 0.37491966 0.51934530 
0.70513513 0.56070948 0.24434789 0.23934772 0.50294561 0.50794579 0.58921519 0.26545458 
0.70513513 0.56070948 0.24434789 0.23934772 0.45124440 0.77500501 0.30254741 0.18114820 
0.70513513 0.56070948 0.24434789 0.23934772 0.38384982 0.70602689 0.17756268 0.50125914 
0.70513513 0.56070948 0.24434789 0.23934772 0.25388742 0.79309118 0.36344369 0.32102979 
0.70513513 0.56070948 0.24434789 0.23934772 0.64282720 0.47070949 0.53774750 0.06809760 
0.60233813 0.63298928 0.01576318 0.18920699 0.40457083 0.71768325 0.18105875 0.29665694 
0.60233813 0.63298928 0.01576318 0.18920699 0.57115713 0.43802495 0.32112830 0.42228511 
0.60233813 0.63298928 0.01576318 0.18920699 0.42693117 0.57756212 0.43587215 0.30610726 
0.60233813 0.63298928 0.01576318 0.18920699 0.61796824 0.61592518 0.19561198 0.00466941 
0.23119774 0.52614429 0.35563020 0.62885377 0.34312663 0.57908143 0.30926890 0.55090079 
0.23119774 0.52614429 0.35563020 0.62885377 0.59220435 0.52985929 0.22327736 0.41340111 
0.23119774 0.52614429 0.35563020 0.62885377 0.44654205 0.25991605 0.50279982 0.57658156 
0.23119774 0.52614429 0.35563020 0.62885377 0.26988731 0.44078515 0.56436932 0.51630096 
0.23119774 0.52614429 0.35563020 0.62885377 0.54336042 0.57999211 0.40764421 0.23324861 
0.23119774 0.52614429 0.35563020 0.62885377 0.66106098 0.36915993 0.48555509 0.20776355 
0.23119774 0.52614429 0.35563020 0.62885377 0.38411681 0.65242562 0.19589539 0.49054072 
0.23119774 0.52614429 0.35563020 0.62885377 0.53112992 0.21932958 0.62021841 0.37058707 
0.58694028 0.56185534 0.31449956 0.43742345 0.40790592 0.53363352 0.30562559 0.63707974 
0.58694028 0.56185534 0.31449956 0.43742345 0.75394602 0.39948057 0.35182702 0.31405094 
0.58694028 0.56185534 0.31449956 0.43742345 0.56866797 0.45418117 0.43061082 0.48511864 
0.58694028 0.56185534 0.31449956 0.43742345 0.46158579 0.56292334 0.47771402 0.43849145 
0.58694028 0.56185534 0.31449956 0.43742345 0.56973597 0.57953566 0.43167882 0.32190419 
0.28888436 0.39773171 0.43655334 0.54944618 0.51724882 0.48467256 0.33687208 0.34377025 
0.28888436 0.39773171 0.43655334 0.54944618 0.35044467 0.34469380 0.47938896 0.51251884 
0.28788462 0.46984636 0.32352981 0.49053269 0.41906821 0.46893808 0.31615069 0.39173291 
0.28788462 0.46984636 0.32352981 0.49053269 0.42649581 0.34881384 0.43627493 0.39372761 
0.28788462 0.46984636 0.32352981 0.49053269 0.20084168 0.31055145 0.49715509 0.51476620 
0.30280448 0.30280448 0.63899096 0.63899096 0.63899096 0.63899096 0.30280448 0.30280448 
0.50293982 0.17953110 0.50293982 0.17953110 0.50293982 0.17953110 0.50293982 0.17953110 
0.57592280 0.56347839 0.31802563 0.42397670 0.63745103 0.54822466 0.30303222 0.36244848 
0.59053218 0.49681275 0.42033840 0.45895888 0.51107177 0.48131487 0.44260648 0.54232826 
0.59053218 0.49681275 0.42033840 0.45895888 0.57616040 0.47908920 0.44003847 0.47723964 
0.59053218 0.49681275 0.42033840 0.45895888 0.49414128 0.46272860 0.46163035 0.55810649 
0.51348892 0.51667189 0.34212467 0.41733273 0.59272189 0.53242474 0.28738518 0.32318885 
0.54315941 0.49628131 0.39529732 0.38781269 0.46834131 0.45171241 0.41915855 0.49889315 
0.54315941 0.49628131 0.39529732 0.38781269 0.55616344 0.48129773 0.37684281 0.40620213 
0.54315941 0.49628131 0.39529732 0.38781269 0.45224851 0.46819972 0.43652697 0.48340507 
0.42724748 0.53600621 0.37586658 0.62085343 0.52015227 0.51867789 0.39772723 0.54663119 
0.42724748 0.53600621 0.37586658 0.62085343 0.55337290 0.40446893 0.51150861 0.51489804 
0.42724748 0.53600621 0.37586658 0.62085343 0.30805951 0.30734716 0.57634714 0.68923056 
0.42724748 0.53600621 0.37586658 0.62085343 0.69319428 0.58031085 0.29833949 0.30048677 
0.66678956 0.69398313 -0.23944600 -0.06849182 0.61425464 0.65728555 0.22068789 0.36084654 
0.66678956 0.69398313 -0.23944600 -0.06849182 0.74657230 0.60641365 -0.21928959 -0.12268160 
0.40316326 0.54591704 0.37805077 0.58306066 0.64366269 0.42127348 0.47502340 0.35500412 
0.40316326 0.54591704 0.37805077 0.58306066 0.44454308 0.62785529 0.33511256 0.48921050 
0.40316326 0.54591704 0.37805077 0.58306066 0.56010414 0.38327170 0.56725326 0.40132037 
0.40316326 0.54591704 0.37805077 0.58306066 0.73613591 0.53969907 0.09662276 0.31771219 
0.40316326 0.54591704 0.37805077 0.58306066 0.38014741 0.18062194 0.49916943 0.71912565 
0.40316326 0.54591704 0.37805077 0.58306066 0.19392509 0.37456409 0.69863237 0.52674070 
0.40316326 0.54591704 0.37805077 0.58306066 0.56727034 0.71564263 0.31212887 0.10992591 
0.57803139 0.70640787 -0.28541036 -0.07629164 0.57490622 0.59069917 0.28368467 0.40061477 
0.57803139 0.70640787 -0.28541036 -0.07629164 0.50905921 0.60917045 0.52637973 0.11448282 
0.57803139 0.70640787 -0.28541036 -0.07629164 0.53720602 0.70379635 -0.04202741 -0.36705032 
0.17791591 0.22562739 0.47312336 0.49305108 0.47332541 0.49321035 0.17747389 0.22520322 
0.24851865 0.44279507 0.27349340 0.45727957 0.31903472 0.48111672 0.19847625 0.41119699 
0.15246419 0.55781435 0.17218691 0.56964292 0.22479575 0.61599555 0.09569746 0.49940157 
0.15246419 0.55781435 0.17218691 0.56964292 0.56591195 0.11796687 0.55668924 0.21087470 
0.15246419 0.55781435 0.17218691 0.56964292 0.36216035 0.54606766 0.16327635 0.48221820 
0.15246419 0.55781435 0.17218691 0.56964292 0.54152451 0.20072391 0.48936574 0.33989094 
0.38761608 0.56907864 0.11558488 0.43154849 0.27305220 0.55799121 0.26590422 0.46591194 
0.38761608 0.56907864 0.11558488 0.43154849 0.61015894 0.32255656 0.40711875 0.17778736 
0.45148590 0.31876296 0.47304566 0.67994040 0.69067414 0.48857299 0.29474650 0.43466153 
0.45148590 0.31876296 0.47304566 0.67994040 0.48759692 0.69135791 0.43509777 0.29411544 
0.45148590 0.31876296 0.47304566 0.67994040 0.31813190 0.45192214 0.68062417 0.47206959 
0.60862182 0.53283649 0.27119295 0.47184151 0.49311773 0.38236318 0.40634467 0.62931119 
0.60862182 0.53283649 0.27119295 0.47184151 0.70724573 0.51908398 0.20798684 0.37096098 
0.60862182 0.53283649 0.27119295 0.47184151 0.59399825 0.41802152 0.39374476 0.51759484 
0.60862182 0.53283649 0.27119295 0.47184151 0.42384112 0.59018968 0.51248380 0.39988806 
0.60862182 0.53283649 0.27119295 0.47184151 0.53897980 0.60351078 0.46803294 0.27701255 
0.60862182 0.53283649 0.27119295 0.47184151 0.52637988 0.70213469 0.36770020 0.21270385 
0.60862182 0.53283649 0.27119295 0.47184151 0.38708020 0.48985695 0.62420016 0.41364058 
0.12499317 0.46963072 0.27999120 0.51548857 0.42085424 0.46800805 0.26197658 0.33987982 
0.12499317 0.46963072 0.27999120 0.51548857 0.38172796 0.30161963 0.43319171 0.39491031 
-0.01811384 0.40106593 0.36892730 0.55671635 0.52427782 0.42138675 0.33999302 0.10127498 
-0.01811384 0.40106593 0.36892730 0.55671635 0.10764105 0.34877663 0.41941151 0.51879490 
0.42581653 0.42581653 0.56451774 0.56451774 0.56451774 0.56451774 0.42581653 0.42581653 
0.36259488 0.36259488 0.60706256 0.60706256 0.60706256 0.60706256 0.36259488 0.36259488 
0.51662296 0.13024973 0.51662296 0.13024973 0.51662296 0.13024973 0.51662296 0.13024973 
0.64109308 0.66233838 0.12462421 0.25310748 0.66983561 0.51868643 0.29232791 0.35512828 
0.64109308 0.66233838 0.12462421 0.25310748 0.56250486 0.63597027 0.30577732 0.33899467 
0.64109308 0.66233838 0.12462421 0.25310748 0.70900513 0.59174212 0.21924215 0.16844263 
0.50670391 0.53955536 0.25912001 0.38760641 0.55546591 0.43789086 0.35050186 0.37697270 
0.50670391 0.53955536 0.25912001 0.38760641 0.40399224 0.57872763 0.40707109 0.31844699 
0.50670391 0.53955536 0.25912001 0.38760641 0.50750049 0.53680230 0.41086813 0.22522138 
0.35524492 0.47586138 0.29459850 0.38842258 0.39272661 0.48629854 0.27104111 0.35513326 
0.35524492 0.47586138 0.29459850 0.38842258 0.46267769 0.37202152 0.37256831 0.31468330 
