GB_index   Ni      Al    Energy (J/m^2)
1	1.218	0.463
2	0.958	0.324
3	0.064	0.058
4	0.879	0.324
5	1.005	0.307
6	1.285	0.446
7	1.201	0.477
8	0.884	0.333
9	1.144	0.402
10	0.978	0.314
11	0.809	0.327
12	1.298	0.457
13	0.692	0.282
14	1.265	0.474
15	1.283	0.433
16	1.180	0.459
17	0.938	0.339
18	0.810	0.325
19	1.160	0.426
20	0.615	0.256
21	0.895	0.307
22	1.154	0.466
23	1.234	0.483
24	1.328	0.525
25	1.075	0.441
26	1.205	0.473
27	1.000	0.382
28	1.187	0.439
29	1.160	0.445
30	0.978	0.376
31	0.489	0.270
32	0.489	0.270
33	0.424	0.129
34	0.980	0.361
35	1.242	0.494
36	1.099	0.449
37	1.306	0.510
38	1.365	0.501
39	0.802	0.314
40	1.091	0.421
41	1.345	0.491
42	0.982	0.338
43	1.179	0.473
44	1.252	0.472
45	0.603	0.248
46	1.133	0.433
47	0.874	0.354
48	1.375	0.515
49	1.180	0.455
50	0.919	0.331
51	0.849	0.314
52	1.241	0.481
53	0.910	0.348
54	1.263	0.476
55	1.179	0.415
56	0.682	0.307
57	0.955	0.400
58	1.197	0.466
59	1.254	0.479
60	1.065	0.365
61	1.019	0.407
62	0.844	0.324
63	1.139	0.419
64	0.994	0.347
65	1.300	0.516
66	1.217	0.444
67	1.229	0.466
68	0.988	0.384
69	1.157	0.449
70	1.233	0.447
71	0.994	0.378
72	0.498	0.283
73	0.498	0.282
74	1.001	0.419
75	0.731	0.292
76	1.085	0.395
77	0.824	0.344
78	0.935	0.379
79	1.239	0.440
80	0.473	0.205
81	1.102	0.443
82	1.097	0.400
83	1.280	0.481
84	0.941	0.380
85	1.126	0.420
86	1.109	0.452
87	1.156	0.470
88	1.217	0.460
89	0.735	0.298
90	1.245	0.488
91	1.274	0.480
92	1.153	0.433
93	1.156	0.451
94	1.133	0.474
95	1.033	0.400
96	1.151	0.431
97	1.234	0.446
98	1.251	0.455
99	1.106	0.441
100	1.142	0.467
101	1.162	0.400
102	1.277	0.513
103	0.939	0.382
104	1.242	0.468
105	0.998	0.389
106	1.238	0.477
107	1.035	0.402
108	1.044	0.369
109	1.096	0.413
110	0.916	0.357
111	1.098	0.426
112	1.255	0.480
113	0.962	0.345
114	0.941	0.334
115	0.938	0.359
116	0.903	0.350
117	1.191	0.454
118	1.082	0.412
119	0.410	0.184
120	1.280	0.504
121	1.343	0.505
122	1.310	0.499
123	1.112	0.431
124	1.207	0.454
125	1.309	0.521
126	1.332	0.507
127	0.900	0.364
128	1.282	0.485
129	1.355	0.536
130	1.348	0.526
131	1.325	0.515
132	1.296	0.533
133	1.256	0.469
134	1.257	0.459
135	0.967	0.318
136	1.292	0.485
137	1.211	0.455
138	1.273	0.477
139	1.263	0.474
140	0.858	0.357
141	1.183	0.443
142	1.004	0.371
143	1.181	0.434
144	0.967	0.399
145	0.950	0.356
146	0.448	0.232
147	0.448	0.232
148	1.336	0.489
149	0.923	0.391
150	0.672	0.272
151	1.275	0.494
152	1.205	0.469
153	1.322	0.495
154	0.883	0.364
155	0.955	0.345
156	0.766	0.303
157	1.088	0.409
158	0.945	0.350
159	0.492	0.212
160	0.779	0.290
161	0.980	0.370
162	0.854	0.303
163	0.876	0.344
164	0.731	0.289
165	1.199	0.479
166	1.188	0.469
167	1.029	0.445
168	0.944	0.327
169	0.908	0.298
170	1.167	0.468
171	1.130	0.418
172	1.372	0.514
173	1.007	0.404
174	1.108	0.396
175	1.225	0.441
176	0.967	0.416
177	0.960	0.390
178	0.567	0.234
179	1.235	0.468
180	1.179	0.455
181	1.325	0.520
182	1.100	0.436
183	1.183	0.453
184	1.240	0.449
185	1.187	0.443
186	1.332	0.525
187	1.324	0.516
188	1.283	0.486
189	0.824	0.333
190	1.171	0.460
191	1.352	0.534
192	1.217	0.475
193	1.314	0.505
194	1.020	0.402
195	1.090	0.445
196	1.265	0.494
197	1.204	0.474
198	1.067	0.397
199	1.151	0.439
200	0.956	0.388
201	1.283	0.486
202	1.375	0.520
203	0.959	0.383
204	1.286	0.520
205	1.239	0.494
206	1.143	0.441
207	1.198	0.445
208	1.243	0.483
209	1.334	0.522
210	1.156	0.487
211	1.291	0.490
212	1.318	0.508
213	1.043	0.403
214	1.353	0.495
215	0.982	0.338
216	1.152	0.464
217	1.246	0.470
218	1.258	0.506
219	1.385	0.539
220	1.045	0.400
221	1.176	0.456
222	1.267	0.498
223	1.025	0.385
224	1.261	0.489
225	1.316	0.509
226	1.231	0.499
227	1.279	0.496
228	1.268	0.494
229	1.315	0.498
230	1.075	0.412
231	1.260	0.496
232	0.940	0.351
233	1.126	0.441
234	1.373	0.544
235	1.238	0.471
236	1.073	0.407
237	1.177	0.414
238	1.203	0.464
239	1.157	0.433
240	0.922	0.358
241	1.107	0.462
242	1.055	0.459
243	0.838	0.320
244	0.709	0.262
245	0.824	0.341
246	1.218	0.483
247	0.848	0.372
248	1.292	0.488
249	1.289	0.507
250	1.152	0.451
251	0.622	0.254
252	0.914	0.339
253	0.943	0.364
254	0.709	0.281
255	0.997	0.397
256	1.069	0.455
257	0.929	0.391
258	0.967	0.389
259	1.243	0.468
260	1.274	0.488
261	0.351	0.169
262	1.112	0.464
263	1.236	0.461
264	1.250	0.494
265	0.922	0.340
266	1.213	0.451
267	0.966	0.389
268	1.314	0.502
269	1.168	0.475
270	1.088	0.376
271	1.242	0.488
272	1.194	0.450
273	1.197	0.461
274	1.173	0.440
275	1.203	0.459
276	1.110	0.412
277	1.181	0.454
278	0.907	0.331
279	1.088	0.428
280	1.272	0.502
281	0.889	0.336
282	1.294	0.509
283	1.144	0.442
284	1.227	0.456
285	1.107	0.447
286	0.967	0.367
287	0.990	0.409
288	1.241	0.485
289	1.003	0.388
290	0.479	0.261
291	0.478	0.261
292	1.218	0.472
293	1.268	0.475
294	1.036	0.369
295	1.213	0.471
296	1.062	0.384
297	1.182	0.471
298	1.162	0.475
299	1.331	0.496
300	0.983	0.339
301	1.088	0.413
302	1.053	0.396
303	1.067	0.398
304	1.221	0.440
305	1.348	0.512
306	1.097	0.454
307	1.281	0.491
308	1.217	0.434
309	1.217	0.451
310	1.084	0.440
311	1.341	0.508
312	0.910	0.361
313	1.359	0.517
314	1.228	0.467
315	1.289	0.474
316	1.107	0.430
317	1.291	0.456
318	1.390	0.537
319	0.919	0.383
320	0.950	0.374
321	1.343	0.501
322	1.244	0.449
323	1.247	0.457
324	1.337	0.482
325	1.317	0.500
326	1.306	0.506
327	1.331	0.506
328	1.266	0.470
329	1.307	0.518
330	0.782	0.328
331	0.701	0.281
332	0.996	0.375
333	0.704	0.287
334	0.842	0.295
335	0.982	0.348
336	1.154	0.430
337	0.740	0.297
338	0.940	0.337
339	0.907	0.370
340	1.292	0.475
341	1.372	0.502
342	1.301	0.482
343	1.293	0.490
344	1.239	0.478
345	1.303	0.517
346	1.327	0.476
347	1.227	0.479
348	1.325	0.511
349	1.360	0.514
350	0.960	0.382
351	1.212	0.465
352	0.945	0.345
353	1.185	0.447
354	1.038	0.412
355	1.149	0.463
356	1.118	0.455
357	1.269	0.502
358	1.282	0.497
359	1.414	0.535
360	1.307	0.496
361	1.112	0.428
362	1.034	0.448
363	0.972	0.376
364	1.289	0.466
365	1.272	0.482
366	0.384	0.180
367	1.219	0.439
368	1.248	0.434
369	0.836	0.298
370	1.124	0.424
371	0.895	0.362
372	1.248	0.458
373	1.057	0.378
374	1.152	0.465
375	1.357	0.517
376	1.232	0.466
377	1.125	0.471
378	1.274	0.493
379	1.279	0.483
380	0.968	0.343
381	0.722	0.302
382	1.202	0.441
383	1.005	0.354
384	1.150	0.422
385	0.815	0.340
386	0.933	0.347
387	0.404	0.201
388	0.404	0.200
