GB_index   relative shear vector
1	0.00	-0.13
2	0.01	0.01
3	****	****
4	0.00	0.00
5	0.00	0.00
6	0.00	-0.21
7	0.00	0.35
8	-0.02	0.01
9	-0.17	-0.36
10	-0.02	0.00
11	0.00	0.00
12	0.01	0.03
13	0.00	0.00
14	-0.01	-0.07
15	-0.01	0.00
16	0.00	-0.50
17	0.02	-0.03
18	0.00	0.00
19	0.00	0.15
20	0.00	0.00
21	****	****
22	-0.09	0.09
23	0.00	0.00
24	0.07	-0.02
25	0.00	0.39
26	0.00	-0.11
27	0.00	0.00
28	-0.02	0.09
29	0.00	-0.04
30	0.00	0.01
31	****	****
32	****	****
33	0.00	0.36
34	****	****
35	0.04	-0.05
36	0.00	0.29
37	0.00	0.00
38	0.04	-0.02
39	0.02	-0.02
40	0.00	-0.40
41	0.00	-0.09
42	0.01	0.01
43	-0.60	0.00
44	0.00	-0.01
45	0.00	0.00
46	-0.13	0.00
47	-0.01	0.00
48	0.00	-0.10
49	-0.03	-0.07
50	0.00	-0.25
51	0.01	-0.39
52	0.00	0.12
53	0.00	-0.01
54	0.24	-0.10
55	0.01	0.00
56	0.00	-0.06
57	0.00	0.54
58	-0.05	0.00
59	-0.02	0.03
60	-0.04	0.00
61	0.00	-0.34
62	0.02	0.00
63	0.04	-0.15
64	****	****
65	0.02	0.00
66	0.00	0.46
67	0.00	0.00
68	0.00	0.00
69	-0.04	0.48
70	0.00	-0.02
71	0.00	0.01
72	****	****
73	****	****
74	0.00	0.22
75	****	****
76	-0.10	0.50
77	0.00	0.40
78	0.00	0.00
79	0.05	-0.02
80	0.00	0.00
81	0.00	-0.31
82	0.04	0.00
83	0.00	0.02
84	0.00	0.00
85	0.25	-0.10
86	0.00	-0.10
87	0.13	0.00
88	0.00	-0.17
89	0.00	0.00
90	-0.01	-0.07
91	-0.01	-0.11
92	0.00	0.00
93	0.02	0.06
94	-0.49	-0.16
95	0.00	-0.05
96	-0.17	0.00
97	-0.09	0.00
98	-0.02	0.02
99	0.00	0.02
100	-0.07	0.05
101	0.03	0.03
102	0.00	0.00
103	0.00	-0.29
104	-0.03	0.03
105	0.00	0.13
106	-0.03	-0.01
107	-0.02	-0.03
108	0.00	0.00
109	0.24	-0.11
110	0.00	-0.10
111	0.37	0.00
112	0.00	-0.56
113	-0.01	0.06
114	****	****
115	****	****
116	0.00	0.00
117	0.03	-0.08
118	****	****
119	0.00	0.00
120	-0.28	0.13
121	-0.02	0.00
122	-0.15	0.01
123	0.02	-0.02
124	-0.10	0.15
125	0.00	-0.05
126	0.00	0.04
127	0.00	0.00
128	0.00	0.00
129	0.00	-0.06
130	-0.05	0.01
131	-0.12	0.02
132	-0.01	0.04
133	-0.21	-0.01
134	0.00	0.04
135	0.03	0.00
136	-0.02	-0.11
137	-0.07	0.00
138	0.01	0.06
139	0.05	0.00
140	0.00	0.23
141	0.02	-0.12
142	0.00	0.00
143	0.00	-0.07
144	****	****
145	0.00	0.00
146	****	****
147	****	****
148	0.00	-0.03
149	****	****
150	****	****
151	0.00	-0.01
152	0.00	-0.17
153	0.00	-0.01
154	0.00	-0.25
155	-0.02	-0.02
156	-0.03	0.04
157	0.03	0.06
158	****	****
159	0.00	0.00
160	0.00	0.20
161	****	****
162	****	****
163	0.00	0.00
164	****	****
165	-0.01	-0.01
166	-0.01	0.04
167	-0.47	-0.40
168	0.00	0.49
169	****	****
170	0.00	0.17
171	-0.03	0.00
172	0.02	0.07
173	-0.14	0.00
174	0.00	-0.18
175	0.00	-0.17
176	-0.47	-0.40
177	0.00	0.00
178	0.00	0.00
179	-0.05	0.09
180	0.01	-0.15
181	-0.28	0.00
182	-0.10	0.00
183	-0.01	0.01
184	-0.02	-0.17
185	0.00	-0.01
186	-0.05	0.00
187	-0.03	-0.02
188	-0.03	0.04
189	0.00	0.00
190	0.19	0.33
191	0.00	-0.07
192	-0.10	0.00
193	0.00	0.00
194	-0.01	0.00
195	****	****
196	0.00	0.00
197	0.01	-0.01
198	-0.06	-0.21
199	0.03	0.08
200	0.00	0.00
201	-0.39	0.45
202	0.04	0.01
203	-0.27	0.00
204	0.03	0.17
205	0.04	-0.02
206	-0.18	0.17
207	0.03	0.04
208	-0.01	0.08
209	-0.05	0.01
210	0.00	0.12
211	-0.07	0.06
212	0.02	0.02
213	-0.06	-0.19
214	0.00	-0.09
215	-0.02	-0.01
216	0.00	0.33
217	0.19	0.00
218	0.00	0.12
219	-0.06	0.03
220	-0.01	0.00
221	0.00	0.01
222	0.00	0.00
223	-0.15	0.17
224	0.09	0.31
225	-0.03	-0.01
226	0.07	0.01
227	0.02	0.02
228	-0.09	0.01
229	0.03	-0.02
230	-0.02	-0.02
231	-0.01	-0.02
232	-0.18	0.00
233	0.47	0.50
234	0.01	0.16
235	-0.08	0.01
236	0.01	-0.02
237	0.00	0.00
238	-0.05	-0.08
239	-0.02	0.02
240	****	****
241	0.00	-0.02
242	-0.18	0.00
243	****	****
244	0.00	0.26
245	0.00	-0.22
246	0.01	0.03
247	****	****
248	0.00	-0.10
249	0.00	0.00
250	0.00	-0.45
251	****	****
252	0.01	0.01
253	0.00	-0.18
254	****	****
255	-0.01	0.01
256	0.00	0.55
257	0.00	0.55
258	0.00	0.00
259	0.19	0.14
260	-0.03	-0.09
261	0.00	0.00
262	-0.01	-0.12
263	-0.02	-0.01
264	0.00	0.21
265	0.01	-0.02
266	0.09	-0.03
267	0.01	0.00
268	-0.30	0.10
269	-0.01	0.13
270	-0.05	0.00
271	0.00	0.01
272	0.04	-0.01
273	0.00	0.00
274	-0.06	-0.07
275	0.00	-0.04
276	-0.07	0.00
277	0.22	0.04
278	0.00	-0.01
279	-0.08	0.00
280	0.03	0.00
281	0.17	0.00
282	-0.02	-0.03
283	-0.37	0.00
284	-0.01	0.07
285	0.00	-0.04
286	0.00	0.00
287	0.00	0.32
288	0.00	-0.08
289	0.00	0.00
290	****	****
291	****	****
292	-0.30	-0.05
293	0.01	0.12
294	0.09	0.00
295	-0.03	0.00
296	-0.06	0.00
297	0.01	-0.08
298	-0.03	0.01
299	0.00	-0.03
300	-0.01	0.00
301	0.00	0.00
302	-0.01	0.17
303	0.00	-0.22
304	-0.15	-0.01
305	0.07	0.03
306	0.09	0.09
307	0.00	-0.02
308	0.01	0.01
309	-0.01	-0.01
310	0.01	-0.22
311	-0.04	-0.02
312	0.00	0.00
313	0.03	-0.01
314	-0.03	0.10
315	-0.03	0.01
316	-0.05	0.14
317	-0.25	0.09
318	-0.01	-0.03
319	-0.20	0.00
320	0.00	0.00
321	-0.19	0.06
322	0.08	0.30
323	0.00	-0.05
324	0.00	-0.04
325	0.00	0.03
326	0.01	-0.08
327	-0.08	-0.01
328	0.04	0.00
329	-0.04	-0.13
330	****	****
331	****	****
332	0.00	0.28
333	0.00	0.00
334	****	****
335	****	****
336	0.08	0.04
337	0.00	0.00
338	****	****
339	****	****
340	0.01	-0.04
341	-0.05	0.00
342	0.09	-0.19
343	0.00	0.00
344	-0.06	0.00
345	0.00	-0.01
346	-0.13	0.13
347	0.00	-0.02
348	0.02	0.00
349	-0.05	-0.02
350	0.00	0.00
351	0.00	0.00
352	0.00	0.00
353	0.07	-0.16
354	0.00	-0.05
355	-0.26	0.00
356	-0.01	0.02
357	-0.03	0.00
358	0.00	-0.04
359	-0.09	0.01
360	0.04	-0.04
361	0.00	0.00
362	0.00	-0.01
363	-0.17	0.01
364	0.01	0.15
365	-0.01	-0.08
366	0.00	0.00
367	-0.12	0.08
368	-0.01	0.00
369	-0.34	0.01
370	0.00	0.18
371	0.00	-0.01
372	0.02	-0.04
373	0.00	0.00
374	0.00	-0.23
375	-0.17	-0.01
376	0.02	-0.01
377	-0.17	0.01
378	0.00	-0.01
379	0.00	-0.56
380	0.01	0.01
381	****	****
382	0.00	-0.20
383	0.00	0.00
384	0.00	-0.07
385	****	****
386	0.00	0.00
387	****	****
388	****	****
