#1: olm id, 2: angle along geodesic, 3: Ni energy --- [100] stgbs, light blue in ppt 
NaN 0.00000000 0.00000000  
247 4.40000000 0.84800000  
149 5.19572436 0.92300000  
74 6.34148697 1.00100000  
36 8.13139853 1.09900000  
216 9.46361822 1.15200000  
7 11.31122892 1.20100000  
264 12.99591277 1.25000000  
52 14.03753915 1.24100000  
151 15.25641462 1.27500000  
378 15.94669182 1.27400000  
1 18.43624443 1.21800000  
299 21.03880724 1.33100000  
148 21.80270552 1.33600000  
41 23.19988602 1.34500000  
214 24.44525104 1.35300000  
6 26.56634767 1.28500000  
379 28.30205055 1.27900000  
112 29.05589971 1.25500000  
16 30.96505295 1.18000000  
250 32.47248772 1.15200000  
40 33.69136319 1.09100000  
61 35.53897331 1.01900000  
103 36.87119243 0.93900000  
154 37.87627843 0.88300000  
245 38.66110342 0.82400000  
330 39.29070210 0.78200000  
NaN 44.86110342 0.00000000  
