#1: olm id, 2: angle along geodesic, 3: Ni energy --- [100] twist, orange in ppt 
251 4.39870500 0.62200000  
150 5.19442764 0.67200000  
331 5.71059271 0.70100000  
75 6.34019140 0.73100000  
156 7.12501523 0.76600000  
39 8.13010238 0.80200000  
62 9.46232207 0.84400000  
8 11.30993277 0.88400000  
252 12.52880652 0.91400000  
265 12.99461719 0.92200000  
17 14.03624243 0.93800000  
155 15.25511790 0.95500000  
113 15.94539510 0.96200000  
380 16.69924312 0.96800000  
2 18.43494772 0.95800000  
215 20.55604435 0.98200000  
300 21.03750995 0.98300000  
42 21.80140880 0.98200000  
