#MDS eigenvalues, olmsted dataset 
17.03754000  
9.59450900  
5.07463200  
4.53870700  
3.99958000  
3.45526400  
2.59719500  
2.51513900  
2.11701400  
1.51506200  
1.19674300  
0.96883510  
0.79465160  
0.66589130  
0.63424070  
0.55962260  
0.51991530  
0.48237710  
0.46587380  
0.44414960  
0.41787600  
0.39025840  
0.38136780  
0.34762370  
0.31341380  
0.30428540  
0.29209140  
0.28593780  
0.27334700  
0.25292500  
0.24681130  
0.24007870  
0.23225790  
0.22328150  
0.20923880  
0.20407470  
0.19581330  
0.19108040  
0.18127900  
0.17668710  
0.17023400  
0.16492150  
0.16311090  
0.15903880  
0.15606420  
0.15367210  
0.14645700  
0.14289210  
0.14166770  
0.14031010  
0.13854870  
0.13084830  
0.13067270  
0.12420620  
0.12093660  
0.11797600  
0.11703340  
0.11382090  
0.10887570  
0.10768010  
0.10480820  
0.10233300  
0.10003750  
0.09842374  
0.09544189  
0.09463082  
0.09289996  
0.08966655  
0.08751764  
0.08425984  
0.08412271  
0.08341180  
0.07933742  
0.07829102  
0.07724548  
0.07392784  
0.07302733  
0.07112024  
0.06969094  
0.06867041  
0.06713764  
0.06533078  
0.06137768  
0.06105263  
0.06010476  
0.05859175  
0.05716445  
0.05658585  
0.05467694  
0.05416096  
0.05190535  
0.04942078  
0.04862910  
0.04824133  
0.04691432  
0.04615177  
0.04596448  
0.04264695  
0.04183246  
0.03995524  
0.03931184  
0.03913061  
0.03849986  
0.03753420  
0.03661365  
0.03522367  
0.03486128  
0.03450325  
0.03314609  
0.03280793  
0.03085715  
0.03074431  
0.02958934  
0.02923010  
0.02774718  
0.02730585  
0.02641777  
0.02599685  
0.02478946  
0.02424228  
0.02325562  
0.02204277  
0.02141711  
0.02056654  
0.01988939  
0.01859039  
0.01817404  
0.01784433  
0.01774277  
0.01652680  
0.01628356  
0.01581983  
0.01457479  
0.01426232  
0.01365804  
0.01340349  
0.01298090  
0.01253487  
0.01188605  
0.01139556  
0.01105517  
0.01036168  
0.01023533  
0.01013477  
0.00951249  
0.00913476  
0.00857637  
0.00797635  
0.00783163  
0.00708275  
0.00668122  
0.00636707  
0.00592356  
0.00577148  
0.00548201  
0.00545256  
0.00479227  
0.00452235  
0.00426897  
0.00371172  
0.00368078  
0.00345795  
0.00301972  
0.00275710  
0.00256771  
0.00229934  
0.00224554  
0.00191417  
0.00184937  
0.00151487  
0.00134781  
0.00119467  
0.00116230  
0.00096004  
0.00086633  
0.00079313  
0.00068749  
0.00051886  
0.00042766  
0.00041584  
0.00040535  
0.00025265  
0.00019679  
0.00015063  
0.00013570  
0.00010824  
0.00010677  
0.00003073  
0.00001745  
0.00001427  
0.00000408  
0.00000132  
0.00000005  
0.00000000  
0.00000000  
0.00000000  
0.00000000  
-0.00000000  
-0.00000000  
-0.00000002  
-0.00000010  
-0.00000430  
-0.00001473  
-0.00002801  
-0.00004301  
-0.00004472  
-0.00008351  
-0.00012028  
-0.00014642  
-0.00016406  
-0.00023008  
-0.00031256  
-0.00036308  
-0.00037612  
-0.00055394  
-0.00061970  
-0.00079995  
-0.00088643  
-0.00099543  
-0.00127382  
-0.00133124  
-0.00148934  
-0.00163376  
-0.00177686  
-0.00189866  
-0.00199515  
-0.00242744  
-0.00279675  
-0.00300376  
-0.00321621  
-0.00329925  
-0.00352930  
-0.00406211  
-0.00416677  
-0.00450424  
-0.00468731  
-0.00488840  
-0.00526096  
-0.00570184  
-0.00601828  
-0.00614497  
-0.00676383  
-0.00727633  
-0.00800516  
-0.00839855  
-0.00862226  
-0.00886585  
-0.00958286  
-0.00969147  
-0.01009259  
-0.01051653  
-0.01115204  
-0.01161280  
-0.01178091  
-0.01239933  
-0.01325539  
-0.01343137  
-0.01374981  
-0.01451861  
-0.01558461  
-0.01616224  
-0.01709251  
-0.01776472  
-0.01860250  
-0.01915880  
-0.01947735  
-0.01992385  
-0.02084415  
-0.02148174  
-0.02205143  
-0.02286705  
-0.02354064  
-0.02375944  
-0.02566213  
-0.02646900  
-0.02656306  
-0.02809146  
-0.02923245  
-0.02957045  
-0.03059522  
-0.03152173  
-0.03226951  
-0.03304872  
-0.03386525  
-0.03405076  
-0.03608658  
-0.03704029  
-0.03745343  
-0.03866815  
-0.03921498  
-0.04067810  
-0.04089931  
-0.04181528  
-0.04312215  
-0.04409757  
-0.04539327  
-0.04626891  
-0.04858195  
-0.05020246  
-0.05189574  
-0.05198001  
-0.05299835  
-0.05576104  
-0.05612833  
-0.05820929  
-0.05995840  
-0.06054056  
-0.06172290  
-0.06439567  
-0.06527788  
-0.06657982  
-0.06727780  
-0.06863683  
-0.07167041  
-0.07351356  
-0.07524322  
-0.07768456  
-0.07824144  
-0.07997250  
-0.08202956  
-0.08383016  
-0.08532756  
-0.08728091  
-0.08995722  
-0.09097579  
-0.09321502  
-0.09637376  
-0.09762810  
-0.10031220  
-0.10132580  
-0.10367150  
-0.10767260  
-0.10958610  
-0.11474910  
-0.11896030  
-0.12026010  
-0.12246880  
-0.12798250  
-0.13074400  
-0.13450880  
-0.13824830  
-0.14267020  
-0.14466670  
-0.14870650  
-0.14996320  
-0.15220440  
-0.15365730  
-0.16113470  
-0.16770660  
-0.17888630  
-0.18233170  
-0.18669960  
-0.18897270  
-0.19326140  
-0.20121480  
-0.20711980  
-0.21543690  
-0.21711210  
-0.22556370  
-0.23311140  
-0.24227200  
-0.25433980  
-0.26679550  
-0.26950370  
-0.27890160  
-0.29565610  
-0.30248650  
-0.32998300  
-0.33797020  
-0.35721360  
-0.36026910  
-0.38995770  
-0.41369110  
-0.42032710  
-0.46055750  
-0.50425480  
-0.52609850  
-0.54236480  
-0.59190840  
-0.63438970  
-0.67131970  
-0.71125910  
-0.79242390  
-0.83983880  
-1.04103500  
-1.09074800  
-1.39035400  
-2.05111500  
