#energy Ni (J/m^2), energy Al, mobility Ni (m/(GPa*s)), log dissipation energy (log(eV/atom)) 
1.21800000 0.46300000 121.00000000 -2.07274402  
0.95800000 0.32400000 106.00000000 -1.22990619  
0.06400000 0.05800000 0.00000000 -1.43414097  
0.87900000 0.32400000 210.00000000 -2.93294529  
1.00500000 0.30700000 1489.00000000 -6.35387017  
1.28500000 0.44600000 107.00000000 -0.25825273  
1.20100000 0.47700000 134.00000000    NaN  
0.88400000 0.33300000 151.00000000 -1.14124843  
1.14400000 0.40200000 91.00000000 -1.95446665  
0.97800000 0.31400000 114.00000000 -1.87223227  
0.80900000 0.32700000 1749.00000000 -6.67664356  
1.29800000 0.45700000 104.00000000 -2.73244536  
0.69200000 0.28200000 1627.00000000 -6.69264390  
1.26500000 0.47400000 104.00000000 -4.19837263  
1.28300000 0.43300000 115.00000000 -1.90152969  
1.18000000 0.45900000 210.00000000 -3.09312462  
0.93800000 0.33900000 131.00000000    NaN  
0.81000000 0.32500000 643.00000000 -2.27789248  
1.16000000 0.42600000 76.00000000 -1.54984912  
0.61500000 0.25600000 463.00000000 -2.22673578  
0.89500000 0.30700000 81.00000000 -1.49798599  
1.15400000 0.46600000 148.00000000 -3.04618382  
1.23400000 0.48300000 125.00000000 -2.55053376  
1.32800000 0.52500000 120.00000000 -2.89498237  
1.07500000 0.44100000 544.00000000 -5.37304091  
1.20500000 0.47300000 89.00000000 -3.48284137  
1.00000000 0.38200000 1368.00000000 -6.64539101  
1.18700000 0.43900000 106.00000000 -2.23698464  
1.16000000 0.44500000 220.00000000 -1.18351680  
0.97800000 0.37600000 1014.00000000 -6.69264390  
0.48900000 0.27000000 0.00000000 -0.51983273  
0.48900000 0.27000000 0.00000000 -1.16423940  
0.42400000 0.12900000 722.00000000 -1.97486533  
0.98000000 0.36100000 49.00000000 -1.11975421  
1.24200000 0.49400000 115.00000000 -1.80813278  
1.09900000 0.44900000 224.00000000 -0.76743979  
1.30600000 0.51000000 116.00000000 -2.05744524  
1.36500000 0.50100000 134.00000000 -1.81143171  
0.80200000 0.31400000 260.00000000 -2.80049449  
1.09100000 0.42100000 388.00000000 -2.52223476  
1.34500000 0.49100000 120.00000000 -3.63363398  
0.98200000 0.33800000 99.00000000 -0.68066540  
1.17900000 0.47300000 190.00000000 -3.08653264  
1.25200000 0.47200000 116.00000000 -2.28043229  
0.60300000 0.24800000 1455.00000000 -6.81244510  
1.13300000 0.43300000 149.00000000 -2.81141271  
0.87400000 0.35400000 1930.00000000 -6.83079424  
1.37500000 0.51500000 111.00000000 -2.09882826  
1.18000000 0.45500000 93.00000000 -1.92305337  
0.91900000 0.33100000 434.00000000 -3.00255550  
0.84900000 0.31400000 461.00000000 -2.84972898  
1.24100000 0.48100000 139.00000000 -1.18691905  
0.91000000 0.34800000 168.00000000 -2.54491146  
1.26300000 0.47600000 85.00000000 -1.38222266  
1.17900000 0.41500000 107.00000000 -1.39070407  
0.68200000 0.30700000 158.00000000 -2.61839233  
0.95500000 0.40000000 724.00000000 -5.27070220  
1.19700000 0.46600000 217.00000000 -3.51863048  
1.25400000 0.47900000 113.00000000 -3.82401213  
1.06500000 0.36500000 107.00000000 -2.10915876  
1.01900000 0.40700000 612.00000000 -3.06529674  
0.84400000 0.32400000 202.00000000    NaN  
1.13900000 0.41900000 98.00000000 -1.40250505  
0.99400000 0.34700000 85.00000000    NaN  
1.30000000 0.51600000 135.00000000 -2.45038929  
1.21700000 0.44400000 74.00000000 -2.19876576  
1.22900000 0.46600000 117.00000000 -3.21388828  
0.98800000 0.38400000 1196.00000000 -6.67664356  
1.15700000 0.44900000 160.00000000 -3.61340099  
1.23300000 0.44700000 96.00000000 -2.60450133  
0.99400000 0.37800000 1395.00000000 -6.83079424  
0.49800000 0.28300000 0.00000000 -0.86360341  
0.49800000 0.28200000 0.00000000 -0.97402578  
1.00100000 0.41900000 507.00000000 -0.24513357  
0.73100000 0.29200000 381.00000000 -3.23449721  
1.08500000 0.39500000 137.00000000 -3.21837595  
0.82400000 0.34400000 200.00000000 -4.17598855  
0.93500000 0.37900000 1828.00000000 -7.18219212  
1.23900000 0.44000000 89.00000000 -1.81155410  
0.47300000 0.20500000 938.00000000 -6.58567178  
1.10200000 0.44300000 114.00000000 -4.23636906  
1.09700000 0.40000000 201.00000000 -4.61118826  
1.28000000 0.48100000 109.00000000 -1.22152596  
0.94100000 0.38000000 1441.00000000 -0.78355340  
1.12600000 0.42000000 96.00000000 -1.50579888  
1.10900000 0.45200000 111.00000000 -2.39887575  
1.15600000 0.47000000 102.00000000 -5.81583198  
1.21700000 0.46000000 105.00000000 -1.52482107  
0.73500000 0.29800000 1727.00000000 -6.67664356  
1.24500000 0.48800000 106.00000000 -2.77740028  
1.27400000 0.48000000 104.00000000 -2.00144400  
1.15300000 0.43300000 107.00000000 -1.92182260  
1.15600000 0.45100000 139.00000000 -2.15450997  
1.13300000 0.47400000 317.00000000 -3.34557348  
1.03300000 0.40000000 169.00000000 -2.34424077  
1.15100000 0.43100000 175.00000000 -4.20773725  
1.23400000 0.44600000 126.00000000 -1.81155410  
1.25100000 0.45500000 94.00000000 -1.82275490  
1.10600000 0.44100000 116.00000000 -2.70995201  
1.14200000 0.46700000 116.00000000 -1.74262651  
1.16200000 0.40000000 102.00000000 -3.01267499  
1.27700000 0.51300000 122.00000000 -0.99641678  
0.93900000 0.38200000 834.00000000 -2.65897436  
1.24200000 0.46800000 126.00000000 -2.14097658  
0.99800000 0.38900000 167.00000000 -3.07045582  
1.23800000 0.47700000 137.00000000 -1.70539830  
1.03500000 0.40200000 106.00000000 -2.27925927  
1.04400000 0.36900000 79.00000000 -1.39142751  
1.09600000 0.41300000 97.00000000 -1.40209859  
0.91600000 0.35700000 143.00000000 -2.50838001  
1.09800000 0.42600000 139.00000000 -3.89516589  
1.25500000 0.48000000 131.00000000 -2.94656123  
0.96200000 0.34500000 112.00000000 -1.08785041  
0.94100000 0.33400000 0.00000000 -1.54712061  
0.93800000 0.35900000 65.00000000 -1.76177357  
0.90300000 0.35000000 598.00000000 -2.29501383  
1.19100000 0.45400000 93.00000000 -1.68125620  
1.08200000 0.41200000 75.00000000 -2.17771611  
0.41000000 0.18400000 320.00000000 -2.82920140  
1.28000000 0.50400000 103.00000000 -3.58271926  
1.34300000 0.50500000 166.00000000 -2.68033776  
1.31000000 0.49900000 105.00000000 -1.93877566  
1.11200000 0.43100000 169.00000000 -5.51151059  
1.20700000 0.45400000 123.00000000 -1.38477552  
1.30900000 0.52100000 140.00000000 -1.98792035  
1.33200000 0.50700000 150.00000000 -2.85388555  
0.90000000 0.36400000 1734.00000000 -7.08210867  
1.28200000 0.48500000 134.00000000 -2.53780123  
1.35500000 0.53600000 145.00000000 -2.74855974  
1.34800000 0.52600000 126.00000000 -1.91759484  
1.32500000 0.51500000 121.00000000 -2.37472577  
1.29600000 0.53300000 127.00000000 -1.95757795  
1.25600000 0.46900000 121.00000000 -1.28960332  
1.25700000 0.45900000 155.00000000 -2.15364798  
0.96700000 0.31800000 94.00000000 -1.85342213  
1.29200000 0.48500000 118.00000000 -2.30599089  
1.21100000 0.45500000 125.00000000 -1.23897841  
1.27300000 0.47700000 120.00000000 -2.01125967  
1.26300000 0.47400000 152.00000000 -2.61237645  
0.85800000 0.35700000 2181.00000000 -6.27648350  
1.18300000 0.44300000 96.00000000 -2.17401599  
1.00400000 0.37100000 1495.00000000 -6.81244510  
1.18100000 0.43400000 96.00000000    NaN  
0.96700000 0.39900000 256.00000000 -3.25191568  
0.95000000 0.35600000 622.00000000 -6.64539101  
0.44800000 0.23200000 0.00000000 -1.07119169  
0.44800000 0.23200000 0.00000000 -1.56944826  
1.33600000 0.48900000 131.00000000 -2.64902686  
0.92300000 0.39100000 0.00000000 -2.70127322  
0.67200000 0.27200000 0.00000000 -3.69691163  
1.27500000 0.49400000 139.00000000 -0.95217701  
1.20500000 0.46900000 162.00000000    NaN  
1.32200000 0.49500000 115.00000000 -1.78760810  
0.88300000 0.36400000 997.00000000 -3.08390796  
0.95500000 0.34500000 119.00000000 -1.20270694  
0.76600000 0.30300000 278.00000000 -2.86330149  
1.08800000 0.40900000 152.00000000 -3.19809329  
0.94500000 0.35000000 0.00000000    NaN  
0.49200000 0.21200000 483.00000000 -2.17138141  
0.77900000 0.29000000 578.00000000 -2.02480185  
0.98000000 0.37000000 0.00000000 -1.73047624  
0.85400000 0.30300000 0.00000000    NaN  
0.87600000 0.34400000 573.00000000 -2.17895253  
0.73100000 0.28900000 0.00000000 -1.62678755  
1.19900000 0.47900000 224.00000000 -3.45459816  
1.18800000 0.46900000 83.00000000 -1.94295452  
1.02900000 0.44500000 536.00000000 -4.96184513  
0.94400000 0.32700000 166.00000000 -2.93181895  
0.90800000 0.29800000 41.00000000 -2.46064340  
1.16700000 0.46800000 117.00000000 -1.60773936  
1.13000000 0.41800000 111.00000000 -1.87067281  
1.37200000 0.51400000 133.00000000 -2.61674804  
1.00700000 0.40400000 221.00000000 -4.25874762  
1.10800000 0.39600000 88.00000000 -1.97601890  
1.22500000 0.44100000 125.00000000 -2.38792514  
0.96700000 0.41600000 569.00000000 -5.21030649  
0.96000000 0.39000000 1722.00000000 -6.77672702  
0.56700000 0.23400000 1450.00000000 -6.57128304  
1.23500000 0.46800000 125.00000000    NaN  
1.17900000 0.45500000 134.00000000 -4.27155918  
1.32500000 0.52000000 137.00000000 -2.47005745  
1.10000000 0.43600000 170.00000000 -3.37436073  
1.18300000 0.45300000 176.00000000 -2.46816753  
1.24000000 0.44900000 79.00000000 -1.75446368  
1.18700000 0.44300000 141.00000000 -2.21659090  
1.33200000 0.52500000 126.00000000 -2.95651156  
1.32400000 0.51600000 137.00000000 -2.22710663  
1.28300000 0.48600000 137.00000000 -1.24938867  
0.82400000 0.33300000 1476.00000000 -6.11929792  
1.17100000 0.46000000 109.00000000 -2.26548201  
1.35200000 0.53400000 146.00000000 -2.40972497  
1.21700000 0.47500000 167.00000000 -3.09754354  
1.31400000 0.50500000 142.00000000 -1.95573829  
1.02000000 0.40200000 219.00000000 -5.13619852  
1.09000000 0.44500000 132.00000000 -2.72539984  
1.26500000 0.49400000 132.00000000 -1.87171218  
1.20400000 0.47400000 89.00000000 -1.60484846  
1.06700000 0.39700000 75.00000000 -1.88796205  
1.15100000 0.43900000 124.00000000 -1.74628910  
0.95600000 0.38800000 1671.00000000 -6.92795799  
1.28300000 0.48600000 98.00000000 -3.95702037  
1.37500000 0.52000000 116.00000000 -2.33016186  
0.95900000 0.38300000 305.00000000 -3.44828899  
1.28600000 0.52000000 135.00000000 -1.93226369  
1.23900000 0.49400000 147.00000000 -2.23773412  
1.14300000 0.44100000 182.00000000 -3.40400131  
1.19800000 0.44500000 106.00000000 -5.71991186  
1.24300000 0.48300000 129.00000000 -1.68934730  
1.33400000 0.52200000 145.00000000 -2.43978033  
1.15600000 0.48700000 104.00000000 -1.94939622  
1.29100000 0.49000000 93.00000000 -1.81523283  
1.31800000 0.50800000 125.00000000 -2.26490403  
1.04300000 0.40300000 61.00000000 -1.82746955  
1.35300000 0.49500000 107.00000000 -3.44891812  
0.98200000 0.33800000 103.00000000 -0.98687415  
1.15200000 0.46400000 188.00000000 -3.21837595  
1.24600000 0.47000000 119.00000000 -1.86072377  
1.25800000 0.50600000 147.00000000 -2.81307744  
1.38500000 0.53900000 138.00000000 -2.49641259  
1.04500000 0.40000000 229.00000000 -4.64807769  
1.17600000 0.45600000 141.00000000 -2.12795974  
1.26700000 0.49800000 107.00000000 -2.44923067  
1.02500000 0.38500000 124.00000000 -1.74743641  
1.26100000 0.48900000 91.00000000 -4.17468731  
1.31600000 0.50900000 90.00000000 -2.05838480  
1.23100000 0.49900000 103.00000000 -2.33593507  
1.27900000 0.49600000 113.00000000 -2.27691735  
1.26800000 0.49400000 122.00000000 -2.05916844  
1.31500000 0.49800000 126.00000000 -2.27224989  
1.07500000 0.41200000 75.00000000 -2.68707179  
1.26000000 0.49600000 136.00000000 -3.79958758  
0.94000000 0.35100000 148.00000000 -2.47908364  
1.12600000 0.44100000 171.00000000 -3.81580415  
1.37300000 0.54400000 132.00000000 -2.24696119  
1.23800000 0.47100000 111.00000000 -2.96384608  
1.07300000 0.40700000 124.00000000 -2.51503601  
1.17700000 0.41400000 107.00000000 -2.18072151  
1.20300000 0.46400000 93.00000000 -2.08682876  
1.15700000 0.43300000 190.00000000 -6.29798971  
0.92200000 0.35800000 0.00000000 -1.77278071  
1.10700000 0.46200000 79.00000000 -1.91650670  
1.05500000 0.45900000 84.00000000 -1.87954205  
0.83800000 0.32000000 0.00000000    NaN  
0.70900000 0.26200000 595.00000000 -2.04453783  
0.82400000 0.34100000 1322.00000000 -3.36795605  
1.21800000 0.48300000 91.00000000 -1.73943271  
0.84800000 0.37200000 0.00000000 -4.05358657  
1.29200000 0.48800000 128.00000000 -1.85892544  
1.28900000 0.50700000 117.00000000 -1.80132507  
1.15200000 0.45100000 305.00000000 -2.93859608  
0.62200000 0.25400000 0.00000000 -4.20773725  
0.91400000 0.33900000 130.00000000 -3.24071252  
0.94300000 0.36400000 754.00000000 -2.19516670  
0.70900000 0.28100000 0.00000000 -1.76258909  
0.99700000 0.39700000 235.00000000 -2.77194893  
1.06900000 0.45500000 640.00000000 -5.33913936  
0.92900000 0.39100000 823.00000000 -5.34750761  
0.96700000 0.38900000 1551.00000000 -7.01311579  
1.24300000 0.46800000 94.00000000 -1.31289521  
1.27400000 0.48800000 99.00000000 -2.04083640  
0.35100000 0.16900000 494.00000000 -5.71383281  
1.11200000 0.46400000 125.00000000 -2.86330149  
1.23600000 0.46100000 123.00000000 -2.10701831  
1.25000000 0.49400000 134.00000000 -1.33074613  
0.92200000 0.34000000 126.00000000 -0.79345382  
1.21300000 0.45100000 107.00000000 -1.55041457  
0.96600000 0.38900000 1498.00000000 -6.47597286  
1.31400000 0.50200000 70.00000000 -2.91692109  
1.16800000 0.47500000 107.00000000 -2.20818442  
1.08800000 0.37600000 112.00000000 -1.58650294  
1.24200000 0.48800000 104.00000000 -2.56550951  
1.19400000 0.45000000 108.00000000 -1.83245647  
1.19700000 0.46100000 136.00000000 -2.32115648  
1.17300000 0.44000000 147.00000000 -2.48434681  
1.20300000 0.45900000 127.00000000 -2.44345765  
1.11000000 0.41200000 188.00000000 -5.56228291  
1.18100000 0.45400000 103.00000000 -1.80654829  
0.90700000 0.33100000 166.00000000 -3.21687782  
1.08800000 0.42800000 240.00000000 -4.47414192  
1.27200000 0.50200000 123.00000000 -2.17842245  
0.88900000 0.33600000 199.00000000 -2.81842326  
1.29400000 0.50900000 120.00000000 -2.44830475  
1.14400000 0.44200000 191.00000000 -2.68121355  
1.22700000 0.45600000 98.00000000 -1.78820579  
1.10700000 0.44700000 282.00000000 -2.95497428  
0.96700000 0.36700000 953.00000000 -6.38896149  
0.99000000 0.40900000 999.00000000 -5.63239248  
1.24100000 0.48500000 93.00000000 -2.65072513  
1.00300000 0.38800000 1471.00000000 -6.69264390  
0.47900000 0.26100000 0.00000000 -1.36884745  
0.47800000 0.26100000 0.00000000 -0.69502895  
1.21800000 0.47200000 117.00000000 -3.91102351  
1.26800000 0.47500000 140.00000000 -3.01389624  
1.03600000 0.36900000 78.00000000 -2.63025617  
1.21300000 0.47100000 144.00000000 -2.80610414  
1.06200000 0.38400000 86.00000000 -2.19930674  
1.18200000 0.47100000 125.00000000 -2.28160669  
1.16200000 0.47500000 150.00000000 -2.63164487  
1.33100000 0.49600000 128.00000000 -2.60369019  
0.98300000 0.33900000 104.00000000 -0.92750336  
1.08800000 0.41300000 231.00000000 -0.61692715  
1.05300000 0.39600000 222.00000000 -1.74445612  
1.06700000 0.39800000 208.00000000 -3.93222571  
1.22100000 0.44000000 97.00000000 -4.22045215  
1.34800000 0.51200000 113.00000000 -1.78200718  
1.09700000 0.45400000 153.00000000 -2.25608326  
1.28100000 0.49100000 120.00000000 -2.39865556  
1.21700000 0.43400000 86.00000000 -5.21765946  
1.21700000 0.45100000 94.00000000    NaN  
1.08400000 0.44000000 109.00000000 -2.75419886  
1.34100000 0.50800000 94.00000000 -2.21732525  
0.91000000 0.36100000 223.00000000 -3.64812146  
1.35900000 0.51700000 107.00000000 -2.07210849  
1.22800000 0.46700000 137.00000000 -2.51454145  
1.28900000 0.47400000 105.00000000 -1.72630886  
1.10700000 0.43000000 107.00000000 -2.01560327  
1.29100000 0.45600000 107.00000000 -2.71296225  
1.39000000 0.53700000 157.00000000 -2.64366794  
0.91900000 0.38300000 222.00000000 -3.88149380  
0.95000000 0.37400000 1129.00000000 -6.41305904  
1.34300000 0.50100000 108.00000000 -1.52905680  
1.24400000 0.44900000 126.00000000 -2.12310089  
1.24700000 0.45700000 137.00000000 -0.50252682  
1.33700000 0.48200000 157.00000000 -1.24063679  
1.31700000 0.50000000 122.00000000 -0.17173776  
1.30600000 0.50600000 132.00000000 -2.04716798  
1.33100000 0.50600000 115.00000000    NaN  
1.26600000 0.47000000 162.00000000 -2.08216525  
1.30700000 0.51800000 121.00000000 -1.88968106  
0.78200000 0.32800000 1246.00000000 -3.69771840  
0.70100000 0.28100000 356.00000000 -3.46286004  
0.99600000 0.37500000 397.00000000 -2.60314979  
0.70400000 0.28700000 575.00000000    NaN  
0.84200000 0.29500000 0.00000000 -2.07099729  
0.98200000 0.34800000 41.00000000    NaN  
1.15400000 0.43000000 100.00000000 -3.02577919  
0.74000000 0.29700000 684.00000000 -2.36382240  
0.94000000 0.33700000 36.00000000 -2.00248050  
0.90700000 0.37000000 48.00000000 -2.16787939  
1.29200000 0.47500000 116.00000000    NaN  
1.37200000 0.50200000 132.00000000 -1.95927912  
1.30100000 0.48200000 106.00000000 -2.50054835  
1.29300000 0.49000000 117.00000000 -1.98253264  
1.23900000 0.47800000 88.00000000 -1.89259690  
1.30300000 0.51700000 109.00000000 -3.43392721  
1.32700000 0.47600000 119.00000000 -2.64620280  
1.22700000 0.47900000 186.00000000 -2.34925750  
1.32500000 0.51100000 131.00000000 -2.45398955  
1.36000000 0.51400000 102.00000000 -2.39953662  
0.96000000 0.38200000 1339.00000000 -6.77672702  
1.21200000 0.46500000 112.00000000 -2.09492073  
0.94500000 0.34500000 147.00000000 -2.00381472  
1.18500000 0.44700000 98.00000000 -1.13793541  
1.03800000 0.41200000 208.00000000 -2.59776185  
1.14900000 0.46300000 88.00000000 -2.90516058  
1.11800000 0.45500000 305.00000000 -3.18447440  
1.26900000 0.50200000 171.00000000 -2.87706074  
1.28200000 0.49700000 173.00000000 -3.16580910  
1.41400000 0.53500000 119.00000000 -1.82386952  
1.30700000 0.49600000 123.00000000 -2.08264667  
1.11200000 0.42800000 242.00000000 -3.07737626  
1.03400000 0.44800000 358.00000000 -6.36543099  
0.97200000 0.37600000 169.00000000 -2.43246601  
1.28900000 0.46600000 79.00000000 -2.56317094  
1.27200000 0.48200000 95.00000000 -1.79155949  
0.38400000 0.18000000 638.00000000 -5.84996498  
1.21900000 0.43900000 116.00000000 -1.71813733  
1.24800000 0.43400000 117.00000000 -2.22451356  
0.83600000 0.29800000 189.00000000 -2.05995269  
1.12400000 0.42400000 141.00000000 -1.83822234  
0.89500000 0.36200000 1637.00000000 -7.18219212  
1.24800000 0.45800000 93.00000000 -1.80947548  
1.05700000 0.37800000 176.00000000 -3.52812208  
1.15200000 0.46500000 103.00000000 -2.54567628  
1.35700000 0.51700000 115.00000000 -2.42656227  
1.23200000 0.46600000 114.00000000 -2.14694980  
1.12500000 0.47100000 135.00000000 -2.87316072  
1.27400000 0.49300000 134.00000000 -1.01247129  
1.27900000 0.48300000 104.00000000 -2.89281474  
0.96800000 0.34300000 117.00000000 -1.30173265  
0.72200000 0.30200000 0.00000000 -6.57128304  
1.20200000 0.44100000 94.00000000 -2.77933140  
1.00500000 0.35400000 1522.00000000 -6.77672702  
1.15000000 0.42200000 108.00000000    NaN  
0.81500000 0.34000000 0.00000000 -3.37436073  
0.93300000 0.34700000 356.00000000 -3.27650494  
0.40400000 0.20100000 0.00000000 -2.18409120  
0.40400000 0.20000000 0.00000000 -1.74388401  
