oct
0.57363485 0.57363485 -0.41345261 -0.41345261 0.41345261 -0.41345261 -0.57363485 0.57363485 
0.69797623 0.11326595 -0.69797623 -0.11326595 0.69797623 -0.11326595 -0.69797623 0.11326595 
0.17591990 0.82047324 0.33985114 -0.42470820 0.42470820 0.33985114 -0.82047324 0.17591990 
0.42470820 -0.17591990 -0.82047324 0.33985114 0.33985114 0.82047324 -0.17591990 -0.42470820 
0.54062510 0.70455634 -0.06000300 -0.45576804 0.06000300 -0.45576804 -0.54062510 0.70455634 
0.60150096 0.60150096 -0.37174803 -0.37174803 0.37174803 -0.37174803 -0.60150096 0.60150096 
0.54683547 0.54683547 -0.44829785 -0.44829785 0.44829785 -0.44829785 -0.54683547 0.54683547 
0.70366552 0.06967662 -0.70366552 -0.06967662 0.70366552 -0.06967662 -0.70366552 0.06967662 
0.01524166 -0.70694250 -0.30252174 0.63912487 0.63912487 0.30252174 -0.70694250 -0.01524166 
0.01524166 -0.70694250 -0.30252174 0.63912487 0.30252174 0.63912487 -0.01524166 -0.70694250 
0.01524166 -0.70694250 -0.30252174 0.63912487 0.70694250 -0.01524166 -0.63912487 0.30252174 
0.30252174 0.70694250 0.01524166 -0.63912487 0.01524166 0.63912487 0.30252174 -0.70694250 
0.30252174 0.70694250 0.01524166 -0.63912487 0.70694250 0.30252174 -0.63912487 0.01524166 
0.12497289 0.81667372 0.19279051 -0.52939365 0.23801436 -0.51066132 -0.66584470 0.48910635 
0.12497289 0.81667372 0.19279051 -0.52939365 0.48910635 0.66584470 -0.51066132 -0.23801436 
0.61532426 0.61532426 -0.34839067 -0.34839067 0.34839067 -0.34839067 -0.61532426 0.61532426 
0.68144936 0.18875055 -0.68144936 -0.18875055 0.68144936 -0.18875055 -0.68144936 0.18875055 
0.22094238 0.75434448 0.31245971 -0.53340210 0.65328148 0.27059805 -0.65328148 -0.27059805 
0.22094238 0.75434448 0.31245971 -0.53340210 0.53340210 0.31245971 -0.75434448 0.22094238 
0.53340210 -0.22094238 -0.75434448 0.31245971 0.27059805 0.65328148 0.27059805 -0.65328148 
0.53340210 -0.22094238 -0.75434448 0.31245971 0.31245971 0.75434448 -0.22094238 -0.53340210 
0.22094238 0.75434448 0.31245971 -0.53340210 0.22094238 -0.31245971 -0.75434448 0.53340210 
0.53340210 -0.22094238 -0.75434448 0.31245971 0.59811462 0.68963195 -0.15622986 -0.37717224 
0.59811462 0.68963195 -0.15622986 -0.37717224 0.15622986 -0.37717224 -0.59811462 0.68963195 
0.01647072 0.60506041 0.45940568 -0.65005926 0.65005926 0.45940568 -0.60506041 0.01647072 
0.01647072 0.60506041 0.45940568 -0.65005926 0.45940568 0.65005926 0.01647072 -0.60506041 
0.01647072 0.60506041 0.45940568 -0.65005926 0.60506041 0.01647072 -0.65005926 0.45940568 
0.01647072 -0.65005926 -0.45940568 0.60506041 0.60506041 0.45940568 -0.65005926 -0.01647072 
0.01647072 -0.65005926 -0.45940568 0.60506041 0.45940568 0.60506041 -0.01647072 -0.65005926 
0.01647072 -0.65005926 -0.45940568 0.60506041 0.65005926 -0.01647072 -0.60506041 0.45940568 
0.10299344 0.75269119 0.47130787 -0.44801475 0.01647072 0.65005926 0.60506041 -0.45940568 
0.10299344 0.75269119 0.47130787 -0.44801475 0.45940568 0.60506041 -0.65005926 0.01647072 
0.49477116 -0.20494092 -0.78022746 0.32318080 0.32318080 0.78022746 -0.20494092 -0.49477116 
0.20494092 0.78022746 0.32318080 -0.49477116 0.49477116 0.32318080 -0.78022746 0.20494092 
0.40678901 0.69661925 0.12133271 -0.57837937 0.12133271 0.57837937 0.40678901 -0.69661925 
0.53418661 0.53418661 -0.46329759 -0.46329759 0.46329759 -0.46329759 -0.53418661 0.53418661 
0.53418661 0.53418661 -0.46329759 -0.46329759 0.65328148 0.65328148 -0.27059805 -0.27059805 
0.53418661 0.53418661 -0.46329759 -0.46329759 0.15622986 -0.68963195 -0.37717224 0.59811462 
0.70532785 0.05012611 -0.70532785 -0.05012611 0.70532785 -0.05012611 -0.70532785 0.05012611 
0.62343809 0.62343809 -0.33365394 -0.33365394 0.33365394 -0.33365394 -0.62343809 0.62343809 
0.59032180 0.59032180 -0.38925593 -0.38925593 0.38925593 -0.38925593 -0.59032180 0.59032180 
0.69266605 0.14217504 -0.69266605 -0.14217504 0.69266605 -0.14217504 -0.69266605 0.14217504 
0.30080030 0.74851510 0.03564956 -0.58989273 0.58989273 0.03564956 -0.74851510 0.30080030 
0.30080030 0.74851510 0.03564956 -0.58989273 0.03564956 0.58989273 0.30080030 -0.74851510 
0.30080030 0.74851510 0.03564956 -0.58989273 0.74851510 0.30080030 -0.58989273 0.03564956 
0.03564956 -0.74851510 -0.30080030 0.58989273 0.20441922 -0.62981508 -0.50407205 0.55448815 
0.03564956 -0.74851510 -0.30080030 0.58989273 0.55448815 0.50407205 -0.62981508 -0.20441922 
0.21188655 0.83742885 0.05326418 -0.50097899 0.31658217 -0.39190910 -0.74197803 0.44232520 
0.21188655 0.83742885 0.05326418 -0.50097899 0.44232520 0.74197803 -0.39190910 -0.31658217 
0.36607417 -0.15163289 -0.84825886 0.35136032 0.35136032 0.84825886 -0.15163289 -0.36607417 
0.34095606 -0.14122863 -0.85866312 0.35566991 0.35566991 0.85866312 -0.14122863 -0.34095606 
0.55734541 0.55734541 -0.43516215 -0.43516215 0.43516215 -0.43516215 -0.55734541 0.55734541 
0.49258895 0.70703023 0.01040426 -0.50730280 0.01040426 0.50730280 0.49258895 -0.70703023 
0.26779717 0.80739797 0.16550775 -0.49899939 0.49899939 0.16550775 -0.80739797 0.26779717 
0.26779717 0.80739797 0.16550775 -0.49899939 0.16550775 0.49899939 0.26779717 -0.80739797 
0.26779717 0.80739797 0.16550775 -0.49899939 0.80739797 0.26779717 -0.49899939 0.16550775 
0.45388492 0.68794823 -0.16348466 -0.54220704 0.16348466 -0.54220704 -0.45388492 0.68794823 
0.45388492 0.68794823 -0.16348466 -0.54220704 0.68794823 0.45388492 -0.54220704 -0.16348466 
0.38155539 -0.23581420 -0.76027777 0.46987750 0.76027777 0.46987750 -0.38155539 -0.23581420 
0.38155539 -0.23581420 -0.76027777 0.46987750 0.23581420 -0.38155539 -0.46987750 0.76027777 
0.62873647 0.62873647 -0.32355904 -0.32355904 0.32355904 -0.32355904 -0.62873647 0.62873647 
0.67337461 0.21579303 -0.67337461 -0.21579303 0.67337461 -0.21579303 -0.67337461 0.21579303 
0.23753889 0.72435211 0.30003647 -0.57346962 0.57346962 0.30003647 -0.72435211 0.23753889 
0.57346962 -0.23753889 -0.72435211 0.30003647 0.30003647 0.72435211 -0.23753889 -0.57346962 
0.61766208 0.68015965 -0.19334644 -0.34422893 0.19334644 -0.34422893 -0.61766208 0.68015965 
0.00442122 -0.63397349 -0.45967958 0.62189448 0.62189448 0.45967958 -0.63397349 -0.00442122 
0.00442122 -0.63397349 -0.45967958 0.62189448 0.45967958 0.62189448 -0.00442122 -0.63397349 
0.00442122 -0.63397349 -0.45967958 0.62189448 0.63397349 -0.00442122 -0.62189448 0.45967958 
0.00442122 0.62189448 0.45967958 -0.63397349 0.63397349 0.45967958 -0.62189448 0.00442122 
0.00442122 0.62189448 0.45967958 -0.63397349 0.45967958 0.63397349 0.00442122 -0.62189448 
0.00442122 0.62189448 0.45967958 -0.63397349 0.62189448 0.00442122 -0.63397349 0.45967958 
0.12324440 0.77332950 0.43661953 -0.44287208 0.00442122 -0.62189448 -0.63397349 0.45967958 
0.12324440 0.77332950 0.43661953 -0.44287208 0.45967958 0.63397349 -0.62189448 -0.00442122 
0.52688507 0.52688507 -0.47158469 -0.47158469 0.47158469 -0.47158469 -0.52688507 0.52688507 
0.70602474 0.03910328 -0.70602474 -0.03910328 0.70602474 -0.03910328 -0.70602474 0.03910328 
0.16299738 -0.58292472 -0.51894866 0.60359168 0.60359168 0.51894866 -0.58292472 -0.16299738 
0.16299738 -0.58292472 -0.51894866 0.60359168 0.51894866 0.60359168 -0.16299738 -0.58292472 
0.16299738 -0.58292472 -0.51894866 0.60359168 0.58292472 -0.16299738 -0.60359168 0.51894866 
0.29693348 0.79375588 0.05985165 -0.52744658 0.05985165 0.52744658 0.29693348 -0.79375588 
0.29693348 0.79375588 0.05985165 -0.52744658 0.79375588 0.29693348 -0.52744658 0.05985165 
0.04523791 0.77914214 0.31154722 -0.54206032 0.16299738 -0.60359168 -0.58292472 0.51894866 
0.04523791 0.77914214 0.31154722 -0.54206032 0.51894866 0.58292472 -0.60359168 -0.16299738 
0.06539413 0.74055941 0.40297677 -0.53376502 0.57363485 0.57363485 -0.41345261 -0.41345261 
0.06539413 0.74055941 0.40297677 -0.53376502 0.41345261 -0.41345261 -0.57363485 0.57363485 
0.06539413 0.74055941 0.40297677 -0.53376502 0.53376502 0.40297677 -0.74055941 0.06539413 
0.06539413 0.74055941 0.40297677 -0.53376502 0.40297677 0.53376502 0.06539413 -0.74055941 
0.06539413 0.74055941 0.40297677 -0.53376502 0.74055941 0.06539413 -0.53376502 0.40297677 
0.40297677 0.74055941 -0.06539413 -0.53376502 0.57363485 0.57363485 -0.41345261 -0.41345261 
0.40297677 0.74055941 -0.06539413 -0.53376502 0.41345261 -0.41345261 -0.57363485 0.57363485 
0.40297677 0.74055941 -0.06539413 -0.53376502 0.06539413 0.74055941 0.40297677 -0.53376502 
0.40297677 0.74055941 -0.06539413 -0.53376502 0.53376502 0.40297677 -0.74055941 0.06539413 
0.40297677 0.74055941 -0.06539413 -0.53376502 0.40297677 0.53376502 0.06539413 -0.74055941 
0.40297677 0.74055941 -0.06539413 -0.53376502 0.74055941 0.06539413 -0.53376502 0.40297677 
0.40297677 0.74055941 -0.06539413 -0.53376502 0.53376502 -0.06539413 -0.74055941 0.40297677 
0.40297677 0.74055941 -0.06539413 -0.53376502 0.06539413 -0.53376502 -0.40297677 0.74055941 
0.40297677 0.74055941 -0.06539413 -0.53376502 0.74055941 0.40297677 -0.53376502 -0.06539413 
0.09248126 -0.47741395 -0.66237647 0.56989521 0.69797623 -0.11326595 -0.69797623 0.11326595 
0.09248126 -0.47741395 -0.66237647 0.56989521 0.46837089 0.80595353 -0.13078825 -0.33758264 
0.09248126 -0.47741395 -0.66237647 0.56989521 0.33758264 -0.13078825 -0.80595353 0.46837089 
0.09248126 -0.47741395 -0.66237647 0.56989521 0.09248126 0.66237647 0.47741395 -0.56989521 
0.09248126 -0.47741395 -0.66237647 0.56989521 0.56989521 0.47741395 -0.66237647 0.09248126 
0.63245553 0.63245553 -0.31622777 -0.31622777 0.70710678 0.00000000 -0.70710678 0.00000000 
0.63245553 0.63245553 -0.31622777 -0.31622777 0.31622777 -0.31622777 -0.63245553 0.63245553 
0.46329759 0.70532785 -0.05012611 -0.53418661 0.70532785 0.05012611 -0.70532785 -0.05012611 
0.46329759 0.70532785 -0.05012611 -0.53418661 0.05012611 -0.53418661 -0.46329759 0.70532785 
0.05012611 0.70532785 0.05012611 -0.70532785 0.05012611 0.70532785 0.46329759 -0.53418661 
0.05012611 0.70532785 0.05012611 -0.70532785 0.53418661 0.46329759 -0.70532785 0.05012611 
0.05012611 0.70532785 0.46329759 -0.53418661 0.27059805 0.65328148 0.27059805 -0.65328148 
0.05012611 0.70532785 0.46329759 -0.53418661 0.53418661 0.46329759 -0.70532785 0.05012611 
0.05012611 0.70532785 0.46329759 -0.53418661 0.46329759 0.53418661 0.05012611 -0.70532785 
0.05012611 0.70532785 0.46329759 -0.53418661 0.70532785 0.05012611 -0.53418661 0.46329759 
0.60943477 0.60943477 -0.35859346 -0.35859346 0.35859346 -0.35859346 -0.60943477 0.60943477 
0.68449932 0.17737159 -0.68449932 -0.17737159 0.68449932 -0.17737159 -0.68449932 0.17737159 
0.55733544 -0.23085590 -0.73683825 0.30520839 0.30520839 0.73683825 -0.23085590 -0.55733544 
0.55733544 -0.23085590 -0.73683825 0.30520839 0.17591990 0.82047324 0.33985114 -0.42470820 
0.55733544 -0.23085590 -0.73683825 0.30520839 0.42470820 0.33985114 -0.82047324 0.17591990 
0.23085590 0.73683825 0.30520839 -0.55733544 0.55733544 0.30520839 -0.73683825 0.23085590 
0.23085590 0.73683825 0.30520839 -0.55733544 0.42470820 -0.17591990 -0.82047324 0.33985114 
0.23085590 0.73683825 0.30520839 -0.55733544 0.33985114 0.82047324 -0.17591990 -0.42470820 
0.01434950 -0.75354859 -0.16849205 0.63527085 0.33006245 -0.56834619 -0.52269269 0.54298594 
0.01434950 -0.75354859 -0.16849205 0.63527085 0.54298594 0.52269269 -0.56834619 -0.33006245 
0.16849205 0.75354859 0.01434950 -0.63527085 0.23085590 0.73683825 0.30520839 -0.55733544 
0.16849205 0.75354859 0.01434950 -0.63527085 0.55733544 0.30520839 -0.73683825 0.23085590 
0.16849205 0.75354859 0.01434950 -0.63527085 0.63527085 0.01434950 -0.75354859 0.16849205 
0.16849205 0.75354859 0.01434950 -0.63527085 0.01434950 0.63527085 0.16849205 -0.75354859 
0.16849205 0.75354859 0.01434950 -0.63527085 0.75354859 0.16849205 -0.63527085 0.01434950 
0.16849205 0.75354859 0.01434950 -0.63527085 0.42470820 -0.17591990 -0.82047324 0.33985114 
0.16849205 0.75354859 0.01434950 -0.63527085 0.33985114 0.82047324 -0.17591990 -0.42470820 
0.03228190 0.77148099 0.15055964 -0.61733844 0.33006245 -0.54298594 -0.56834619 0.52269269 
0.03228190 0.77148099 0.15055964 -0.61733844 0.52269269 0.56834619 -0.54298594 -0.33006245 
0.03228190 0.77148099 0.15055964 -0.61733844 0.17828074 0.60991059 0.35778355 -0.68426309 
0.35778355 0.68426309 0.17828074 -0.60991059 0.17828074 0.60991059 0.35778355 -0.68426309 
0.47941896 -0.34554564 -0.65442444 0.47168245 0.47168245 0.65442444 -0.34554564 -0.47941896 
0.47941896 -0.34554564 -0.65442444 0.47168245 0.65442444 0.47168245 -0.47941896 -0.34554564 
0.47941896 -0.34554564 -0.65442444 0.47168245 0.34554564 -0.47941896 -0.47168245 0.65442444 
0.09466274 0.79627781 0.12921810 -0.58333806 0.32111130 -0.50385329 -0.62999010 0.49611678 
0.09466274 0.79627781 0.12921810 -0.58333806 0.49611678 0.62999010 -0.50385329 -0.32111130 
0.21841029 0.70708562 0.00547054 -0.67253025 0.00547054 0.67253025 0.21841029 -0.70708562 
0.21841029 0.70708562 0.00547054 -0.67253025 0.70708562 0.21841029 -0.67253025 0.00547054 
0.03372057 0.58020815 0.45846242 -0.67233446 0.67233446 0.45846242 -0.58020815 0.03372057 
0.03372057 0.58020815 0.45846242 -0.67233446 0.45846242 0.67233446 0.03372057 -0.58020815 
0.03372057 0.58020815 0.45846242 -0.67233446 0.58020815 0.03372057 -0.67233446 0.45846242 
0.03372057 -0.67233446 -0.45846242 0.58020815 0.58020815 0.45846242 -0.67233446 -0.03372057 
0.03372057 -0.67233446 -0.45846242 0.58020815 0.45846242 0.58020815 -0.03372057 -0.67233446 
0.03372057 -0.67233446 -0.45846242 0.58020815 0.67233446 -0.03372057 -0.58020815 0.45846242 
0.08608724 0.73445100 0.49925630 -0.45156822 0.03372057 0.67233446 0.58020815 -0.45846242 
0.08608724 0.73445100 0.49925630 -0.45156822 0.45846242 0.58020815 -0.67233446 0.03372057 
0.58553195 0.58553195 -0.39642443 -0.39642443 0.39642443 -0.39642443 -0.58553195 0.58553195 
0.52214360 0.52214360 -0.47682918 -0.47682918 0.47682918 -0.47682918 -0.52214360 0.52214360 
0.70638042 0.03204213 -0.70638042 -0.03204213 0.70638042 -0.03204213 -0.70638042 0.03204213 
0.56194248 0.56194248 -0.42920933 -0.42920933 0.42920933 -0.42920933 -0.56194248 0.56194248 
0.56194248 0.56194248 -0.42920933 -0.42920933 0.63520481 0.63520481 -0.31066839 -0.31066839 
0.56194248 0.56194248 -0.42920933 -0.42920933 0.31066839 -0.31066839 -0.63520481 0.63520481 
0.63520481 0.63520481 -0.31066839 -0.31066839 0.31066839 -0.31066839 -0.63520481 0.63520481 
0.70085017 0.09385651 -0.70085017 -0.09385651 0.70085017 -0.09385651 -0.70085017 0.09385651 
0.66883335 0.22948191 -0.66883335 -0.22948191 0.66883335 -0.22948191 -0.66883335 0.22948191 
0.24592024 0.70786226 0.29320615 -0.59370397 0.59370397 0.29320615 -0.70786226 0.24592024 
0.46545287 -0.19279689 -0.79806454 0.33056916 0.24592024 0.70786226 0.29320615 -0.59370397 
0.46545287 -0.19279689 -0.79806454 0.33056916 0.59370397 0.29320615 -0.70786226 0.24592024 
0.46545287 -0.19279689 -0.79806454 0.33056916 0.33056916 0.79806454 -0.19279689 -0.46545287 
0.59370397 -0.24592024 -0.70786226 0.29320615 0.29320615 0.70786226 -0.24592024 -0.59370397 
0.59370397 -0.24592024 -0.70786226 0.29320615 0.19279689 0.79806454 0.33056916 -0.46545287 
0.59370397 -0.24592024 -0.70786226 0.29320615 0.46545287 0.33056916 -0.79806454 0.19279689 
0.19279689 0.79806454 0.33056916 -0.46545287 0.46545287 0.33056916 -0.79806454 0.19279689 
0.62714016 0.67442607 -0.21248405 -0.32664234 0.21248405 -0.32664234 -0.62714016 0.67442607 
0.42798886 0.70064484 0.09537719 -0.56287258 0.09537719 0.56287258 0.42798886 -0.70064484 
0.39136761 -0.28208181 -0.71059501 0.51216791 0.51216791 0.71059501 -0.28208181 -0.39136761 
0.39136761 -0.28208181 -0.71059501 0.51216791 0.71059501 0.51216791 -0.39136761 -0.28208181 
0.39136761 -0.28208181 -0.71059501 0.51216791 0.28208181 -0.39136761 -0.51216791 0.71059501 
0.23751116 -0.43593827 -0.66602436 0.55673856 0.66602436 0.55673856 -0.23751116 -0.43593827 
0.23751116 -0.43593827 -0.66602436 0.55673856 0.43593827 -0.23751116 -0.55673856 0.66602436 
0.30300459 0.70192852 -0.08541871 -0.63889609 0.08541871 -0.63889609 -0.30300459 0.70192852 
0.30300459 0.70192852 -0.08541871 -0.63889609 0.70192852 0.30300459 -0.63889609 -0.08541871 
0.39136761 -0.28208181 -0.71059501 0.51216791 0.13854799 0.72480894 0.24324356 -0.62951491 
0.39136761 -0.28208181 -0.71059501 0.51216791 0.62951491 0.24324356 -0.72480894 0.13854799 
0.39136761 -0.28208181 -0.71059501 0.51216791 0.24324356 0.62951491 0.13854799 -0.72480894 
0.39136761 -0.28208181 -0.71059501 0.51216791 0.72480894 0.13854799 -0.62951491 0.24324356 
0.39136761 -0.28208181 -0.71059501 0.51216791 0.36064288 0.64380141 0.03169101 -0.67413065 
0.39136761 -0.28208181 -0.71059501 0.51216791 0.67413065 0.03169101 -0.64380141 0.36064288 
0.13854799 0.72480894 0.24324356 -0.62951491 0.24324356 0.62951491 0.13854799 -0.72480894 
0.13854799 0.72480894 0.24324356 -0.62951491 0.72480894 0.13854799 -0.62951491 0.24324356 
0.13854799 0.72480894 0.24324356 -0.62951491 0.03169101 0.67413065 0.36064288 -0.64380141 
0.13854799 0.72480894 0.24324356 -0.62951491 0.64380141 0.36064288 -0.67413065 0.03169101 
0.03169101 0.67413065 0.36064288 -0.64380141 0.36064288 0.64380141 0.03169101 -0.67413065 
0.03169101 0.67413065 0.36064288 -0.64380141 0.67413065 0.03169101 -0.64380141 0.36064288 
0.24324356 0.72480894 -0.13854799 -0.62951491 0.23751116 -0.43593827 -0.66602436 0.55673856 
0.24324356 0.72480894 -0.13854799 -0.62951491 0.55673856 0.66602436 -0.43593827 -0.23751116 
0.24324356 0.72480894 -0.13854799 -0.62951491 0.66602436 0.55673856 -0.23751116 -0.43593827 
0.24324356 0.72480894 -0.13854799 -0.62951491 0.43593827 -0.23751116 -0.55673856 0.66602436 
0.24324356 0.72480894 -0.13854799 -0.62951491 0.62951491 -0.13854799 -0.72480894 0.24324356 
0.24324356 0.72480894 -0.13854799 -0.62951491 0.13854799 -0.62951491 -0.24324356 0.72480894 
0.24324356 0.72480894 -0.13854799 -0.62951491 0.72480894 0.24324356 -0.62951491 -0.13854799 
0.24324356 0.72480894 -0.13854799 -0.62951491 0.03169101 -0.64380141 -0.36064288 0.67413065 
0.24324356 0.72480894 -0.13854799 -0.62951491 0.67413065 0.36064288 -0.64380141 -0.03169101 
0.24324356 0.72480894 -0.13854799 -0.62951491 0.36064288 0.67413065 -0.03169101 -0.64380141 
0.24324356 0.72480894 -0.13854799 -0.62951491 0.64380141 -0.03169101 -0.67413065 0.36064288 
0.03169101 -0.64380141 -0.36064288 0.67413065 0.23751116 -0.43593827 -0.66602436 0.55673856 
0.03169101 -0.64380141 -0.36064288 0.67413065 0.55673856 0.66602436 -0.43593827 -0.23751116 
0.03169101 -0.64380141 -0.36064288 0.67413065 0.66602436 0.55673856 -0.23751116 -0.43593827 
0.03169101 -0.64380141 -0.36064288 0.67413065 0.43593827 -0.23751116 -0.55673856 0.66602436 
0.03169101 -0.64380141 -0.36064288 0.67413065 0.67413065 0.36064288 -0.64380141 -0.03169101 
0.03169101 -0.64380141 -0.36064288 0.67413065 0.36064288 0.67413065 -0.03169101 -0.64380141 
0.03169101 -0.64380141 -0.36064288 0.67413065 0.64380141 -0.03169101 -0.67413065 0.36064288 
0.27313509 -0.41454909 -0.61713344 0.61048554 0.61713344 0.61048554 -0.27313509 -0.41454909 
0.27313509 -0.41454909 -0.61713344 0.61048554 0.41454909 -0.27313509 -0.61048554 0.61713344 
0.27313509 -0.41454909 -0.61713344 0.61048554 0.20022332 -0.45427343 -0.71024937 0.49909129 
0.27313509 -0.41454909 -0.61713344 0.61048554 0.49909129 0.71024937 -0.45427343 -0.20022332 
0.27313509 -0.41454909 -0.61713344 0.61048554 0.30300459 0.70192852 -0.08541871 -0.63889609 
0.27313509 -0.41454909 -0.61713344 0.61048554 0.63889609 -0.08541871 -0.70192852 0.30300459 
0.20022332 -0.45427343 -0.71024937 0.49909129 0.71024937 0.49909129 -0.20022332 -0.45427343 
0.20022332 -0.45427343 -0.71024937 0.49909129 0.45427343 -0.20022332 -0.49909129 0.71024937 
0.20022332 -0.45427343 -0.71024937 0.49909129 0.08541871 -0.63889609 -0.30300459 0.70192852 
0.20022332 -0.45427343 -0.71024937 0.49909129 0.70192852 0.30300459 -0.63889609 -0.08541871 
0.59451723 0.59451723 -0.38281753 -0.38281753 0.38281753 -0.38281753 -0.59451723 0.59451723 
0.69108004 0.14969429 -0.69108004 -0.14969429 0.69108004 -0.14969429 -0.69108004 0.14969429 
0.53953660 0.53953660 -0.45705607 -0.45705607 0.45705607 -0.45705607 -0.53953660 0.53953660 
0.26156049 -0.58912705 -0.43956850 0.62553574 0.62553574 0.43956850 -0.58912705 -0.26156049 
0.26156049 -0.58912705 -0.43956850 0.62553574 0.43956850 0.62553574 -0.26156049 -0.58912705 
0.26156049 -0.58912705 -0.43956850 0.62553574 0.58912705 -0.26156049 -0.62553574 0.43956850 
0.26156049 -0.58912705 -0.43956850 0.62553574 0.06546890 0.64124753 0.45790288 -0.61224209 
0.26156049 -0.58912705 -0.43956850 0.62553574 0.61224209 0.45790288 -0.64124753 0.06546890 
0.26156049 -0.58912705 -0.43956850 0.62553574 0.45790288 0.61224209 0.06546890 -0.64124753 
0.26156049 -0.58912705 -0.43956850 0.62553574 0.64124753 0.06546890 -0.61224209 0.45790288 
0.06546890 0.64124753 0.45790288 -0.61224209 0.61224209 0.45790288 -0.64124753 0.06546890 
0.06546890 0.64124753 0.45790288 -0.61224209 0.45790288 0.61224209 0.06546890 -0.64124753 
0.06546890 0.64124753 0.45790288 -0.61224209 0.64124753 0.06546890 -0.61224209 0.45790288 
0.23162454 0.75314243 0.13149870 -0.60152693 0.13149870 0.60152693 0.23162454 -0.75314243 
0.23162454 0.75314243 0.13149870 -0.60152693 0.75314243 0.23162454 -0.60152693 0.13149870 
0.23162454 0.75314243 0.13149870 -0.60152693 0.06546890 -0.61224209 -0.45790288 0.64124753 
0.23162454 0.75314243 0.13149870 -0.60152693 0.64124753 0.45790288 -0.61224209 -0.06546890 
0.06546890 -0.61224209 -0.45790288 0.64124753 0.45790288 0.64124753 -0.06546890 -0.61224209 
0.06546890 -0.61224209 -0.45790288 0.64124753 0.61224209 -0.06546890 -0.64124753 0.45790288 
0.36876884 -0.33236015 -0.69633540 0.51832739 0.51832739 0.69633540 -0.33236015 -0.36876884 
0.36876884 -0.33236015 -0.69633540 0.51832739 0.69633540 0.51832739 -0.36876884 -0.33236015 
0.36876884 -0.33236015 -0.69633540 0.51832739 0.33236015 -0.36876884 -0.51832739 0.69633540 
0.36876884 -0.33236015 -0.69633540 0.51832739 0.10913430 0.75670677 0.40713698 -0.49972398 
0.36876884 -0.33236015 -0.69633540 0.51832739 0.49972398 0.40713698 -0.75670677 0.10913430 
0.36876884 -0.33236015 -0.69633540 0.51832739 0.40713698 0.49972398 0.10913430 -0.75670677 
0.36876884 -0.33236015 -0.69633540 0.51832739 0.75670677 0.10913430 -0.49972398 0.40713698 
0.27618861 -0.24718317 -0.82296180 0.43052782 0.43052782 0.82296180 -0.24718317 -0.27618861 
0.27618861 -0.24718317 -0.82296180 0.43052782 0.82296180 0.43052782 -0.27618861 -0.24718317 
0.27618861 -0.24718317 -0.82296180 0.43052782 0.24718317 -0.27618861 -0.43052782 0.82296180 
0.19727298 0.79166322 0.32791764 -0.47625910 0.47625910 0.32791764 -0.79166322 0.19727298 
0.47625910 -0.19727298 -0.79166322 0.32791764 0.32791764 0.79166322 -0.19727298 -0.47625910 
0.63731763 0.63731763 -0.30631069 -0.30631069 0.30631069 -0.30631069 -0.63731763 0.63731763 
0.56863883 0.69928350 -0.10489325 -0.42029737 0.10489325 -0.42029737 -0.56863883 0.69928350 
0.51881993 0.51881993 -0.48044342 -0.48044342 0.48044342 -0.48044342 -0.51881993 0.51881993 
0.51881993 0.51881993 -0.48044342 -0.48044342 0.61985391 0.61985391 -0.34026626 -0.34026626 
0.51881993 0.51881993 -0.48044342 -0.48044342 0.34026626 -0.34026626 -0.61985391 0.61985391 
0.61985391 0.61985391 -0.34026626 -0.34026626 0.34026626 -0.34026626 -0.61985391 0.61985391 
0.70658589 0.02713630 -0.70658589 -0.02713630 0.70658589 -0.02713630 -0.70658589 0.02713630 
0.67890748 0.19769833 -0.67890748 -0.19769833 0.67890748 -0.19769833 -0.67890748 0.19769833 
0.38814122 -0.16077336 -0.83839119 0.34727300 0.34727300 0.83839119 -0.16077336 -0.38814122 
0.31837480 -0.13187516 -0.86728938 0.35924303 0.35924303 0.86728938 -0.13187516 -0.31837480 
0.47914816 0.70651603 0.02889820 -0.52001638 0.02889820 0.52001638 0.47914816 -0.70651603 
0.13109293 -0.54508651 -0.52791145 0.63796931 0.63796931 0.52791145 -0.54508651 -0.13109293 
0.13109293 -0.54508651 -0.52791145 0.63796931 0.52791145 0.63796931 -0.13109293 -0.54508651 
0.13109293 -0.54508651 -0.52791145 0.63796931 0.54508651 -0.13109293 -0.63796931 0.52791145 
0.29273767 0.82440219 0.07782266 -0.47813107 0.47813107 0.07782266 -0.82440219 0.29273767 
0.29273767 0.82440219 0.07782266 -0.47813107 0.07782266 0.47813107 0.29273767 -0.82440219 
0.29273767 0.82440219 0.07782266 -0.47813107 0.82440219 0.29273767 -0.47813107 0.07782266 
0.01214460 0.75872413 0.35841573 -0.54380912 0.13109293 -0.63796931 -0.54508651 0.52791145 
0.01214460 0.75872413 0.35841573 -0.54380912 0.52791145 0.54508651 -0.63796931 -0.13109293 
0.55336686 0.55336686 -0.44021032 -0.44021032 0.44021032 -0.44021032 -0.55336686 0.55336686 
0.70256516 0.08001376 -0.70256516 -0.08001376 0.70256516 -0.08001376 -0.70256516 0.08001376 
0.34727674 -0.21462883 -0.77653439 0.47992465 0.16245985 0.68819096 0.16245985 -0.68819096 
0.34727674 -0.21462883 -0.77653439 0.47992465 0.68819096 0.16245985 -0.68819096 0.16245985 
0.34727674 -0.21462883 -0.77653439 0.47992465 0.47992465 0.77653439 -0.21462883 -0.34727674 
0.34727674 -0.21462883 -0.77653439 0.47992465 0.77653439 0.47992465 -0.34727674 -0.21462883 
0.34727674 -0.21462883 -0.77653439 0.47992465 0.21462883 -0.34727674 -0.47992465 0.77653439 
0.09379624 0.70085824 0.39732724 -0.58491971 0.39732724 0.70085824 -0.09379624 -0.58491971 
0.09379624 0.70085824 0.39732724 -0.58491971 0.09379624 -0.58491971 -0.39732724 0.70085824 
0.09379624 0.70085824 0.39732724 -0.58491971 0.70085824 0.39732724 -0.58491971 -0.09379624 
0.09379624 0.70085824 0.39732724 -0.58491971 0.58491971 -0.09379624 -0.70085824 0.39732724 
0.39732724 0.70085824 -0.09379624 -0.58491971 0.09379624 -0.58491971 -0.39732724 0.70085824 
0.39732724 0.70085824 -0.09379624 -0.58491971 0.70085824 0.39732724 -0.58491971 -0.09379624 
0.11176584 -0.69821802 -0.29430687 0.64294904 0.64294904 0.29430687 -0.69821802 -0.11176584 
0.11176584 -0.69821802 -0.29430687 0.64294904 0.29430687 0.64294904 -0.11176584 -0.69821802 
0.11176584 -0.69821802 -0.29430687 0.64294904 0.69821802 -0.11176584 -0.64294904 0.29430687 
0.29430687 0.69821802 0.11176584 -0.64294904 0.11176584 0.64294904 0.29430687 -0.69821802 
0.29430687 0.69821802 0.11176584 -0.64294904 0.69821802 0.29430687 -0.64294904 0.11176584 
0.17540187 0.76185404 0.23067084 -0.57931301 0.23067084 0.57931301 0.17540187 -0.76185404 
0.17540187 0.76185404 0.23067084 -0.57931301 0.76185404 0.17540187 -0.57931301 0.23067084 
0.02426610 -0.66023563 -0.45905993 0.59393943 0.59393943 0.45905993 -0.66023563 -0.02426610 
0.02426610 -0.66023563 -0.45905993 0.59393943 0.45905993 0.59393943 -0.02426610 -0.66023563 
0.02426610 -0.66023563 -0.45905993 0.59393943 0.66023563 -0.02426610 -0.59393943 0.45905993 
0.02426610 0.59393943 0.45905993 -0.66023563 0.66023563 0.45905993 -0.59393943 0.02426610 
0.02426610 0.59393943 0.45905993 -0.66023563 0.45905993 0.66023563 0.02426610 -0.59393943 
0.02426610 0.59393943 0.45905993 -0.66023563 0.59393943 0.02426610 -0.66023563 0.45905993 
0.14225270 0.79146149 0.40281987 -0.43713732 0.02426610 -0.59393943 -0.66023563 0.45905993 
0.14225270 0.79146149 0.40281987 -0.43713732 0.45905993 0.66023563 -0.59393943 -0.02426610 
0.32028803 -0.23085055 -0.74533849 0.53720959 0.53720959 0.74533849 -0.23085055 -0.32028803 
0.32028803 -0.23085055 -0.74533849 0.53720959 0.74533849 0.53720959 -0.32028803 -0.23085055 
0.32028803 -0.23085055 -0.74533849 0.53720959 0.23085055 -0.32028803 -0.53720959 0.74533849 
0.17150484 -0.37963374 -0.68599278 0.59655530 0.30055606 -0.21662855 -0.75351174 0.54310053 
0.17150484 -0.37963374 -0.68599278 0.59655530 0.54310053 0.75351174 -0.21662855 -0.30055606 
0.36379791 0.69026989 -0.15338670 -0.60634238 0.15338670 -0.60634238 -0.36379791 0.69026989 
0.36379791 0.69026989 -0.15338670 -0.60634238 0.69026989 0.36379791 -0.60634238 -0.15338670 
0.58287629 0.58287629 -0.40031891 -0.40031891 0.40031891 -0.40031891 -0.58287629 0.58287629 
0.69522399 0.12908756 -0.69522399 -0.12908756 0.69522399 -0.12908756 -0.69522399 0.12908756 
0.39155793 -0.30682935 -0.74075157 0.45147009 0.65328148 0.27059805 -0.65328148 -0.27059805 
0.39155793 -0.30682935 -0.74075157 0.45147009 0.45147009 0.74075157 -0.30682935 -0.39155793 
0.39155793 -0.30682935 -0.74075157 0.45147009 0.74075157 0.45147009 -0.39155793 -0.30682935 
0.39155793 -0.30682935 -0.74075157 0.45147009 0.30682935 -0.39155793 -0.45147009 0.74075157 
0.39155793 -0.30682935 -0.74075157 0.45147009 0.04236429 0.74075157 0.30682935 -0.59611083 
0.39155793 -0.30682935 -0.74075157 0.45147009 0.30682935 0.59611083 0.04236429 -0.74075157 
0.39155793 -0.30682935 -0.74075157 0.45147009 0.74075157 0.04236429 -0.59611083 0.30682935 
0.20455290 -0.49383438 -0.63847512 0.55374654 0.27059805 0.65328148 0.27059805 -0.65328148 
0.20455290 -0.49383438 -0.63847512 0.55374654 0.55374654 0.63847512 -0.49383438 -0.20455290 
0.20455290 -0.49383438 -0.63847512 0.55374654 0.63847512 0.55374654 -0.20455290 -0.49383438 
0.20455290 -0.49383438 -0.63847512 0.55374654 0.49383438 -0.20455290 -0.55374654 0.63847512 
0.30682935 0.74075157 -0.04236429 -0.59611083 0.27059805 0.65328148 0.27059805 -0.65328148 
0.30682935 0.74075157 -0.04236429 -0.59611083 0.20455290 -0.49383438 -0.63847512 0.55374654 
0.30682935 0.74075157 -0.04236429 -0.59611083 0.55374654 0.63847512 -0.49383438 -0.20455290 
0.30682935 0.74075157 -0.04236429 -0.59611083 0.63847512 0.55374654 -0.20455290 -0.49383438 
0.30682935 0.74075157 -0.04236429 -0.59611083 0.49383438 -0.20455290 -0.55374654 0.63847512 
0.30682935 0.74075157 -0.04236429 -0.59611083 0.59611083 -0.04236429 -0.74075157 0.30682935 
0.30682935 0.74075157 -0.04236429 -0.59611083 0.04236429 -0.59611083 -0.30682935 0.74075157 
0.30682935 0.74075157 -0.04236429 -0.59611083 0.74075157 0.30682935 -0.59611083 -0.04236429 
0.28313097 -0.51873036 -0.54953228 0.59056748 0.20494092 0.78022746 0.32318080 -0.49477116 
0.28313097 -0.51873036 -0.54953228 0.59056748 0.49477116 0.32318080 -0.78022746 0.20494092 
0.28313097 -0.51873036 -0.54953228 0.59056748 0.59056748 0.54953228 -0.51873036 -0.28313097 
0.28313097 -0.51873036 -0.54953228 0.59056748 0.54953228 0.59056748 -0.28313097 -0.51873036 
0.28313097 -0.51873036 -0.54953228 0.59056748 0.51873036 -0.28313097 -0.59056748 0.54953228 
0.16659392 0.80617227 0.02901627 -0.56700158 0.38041306 -0.42144826 -0.68784957 0.45225019 
0.16659392 0.80617227 0.02901627 -0.56700158 0.45225019 0.68784957 -0.42144826 -0.38041306 
0.02178025 -0.75537575 -0.21739044 0.61779810 0.28313097 -0.59056748 -0.51873036 0.54953228 
0.02178025 -0.75537575 -0.21739044 0.61779810 0.54953228 0.51873036 -0.59056748 -0.28313097 
0.02178025 -0.75537575 -0.21739044 0.61779810 0.57837937 0.69661925 -0.12133271 -0.40678901 
0.63899096 0.63899096 -0.30280448 -0.30280448 0.30280448 -0.30280448 -0.63899096 0.63899096 
0.66594994 0.23771974 -0.66594994 -0.23771974 0.66594994 -0.23771974 -0.66594994 0.23771974 
0.25093822 0.69752232 0.28892320 -0.60581846 0.60581846 0.28892320 -0.69752232 0.25093822 
0.58503189 -0.24232814 -0.71504620 0.29618184 0.25093822 0.69752232 0.28892320 -0.60581846 
0.58503189 -0.24232814 -0.71504620 0.29618184 0.60581846 0.28892320 -0.69752232 0.25093822 
0.58503189 -0.24232814 -0.71504620 0.29618184 0.29618184 0.71504620 -0.24232814 -0.58503189 
0.24232814 0.71504620 0.29618184 -0.58503189 0.58503189 0.29618184 -0.71504620 0.24232814 
0.60581846 -0.25093822 -0.69752232 0.28892320 0.24232814 0.71504620 0.29618184 -0.58503189 
0.60581846 -0.25093822 -0.69752232 0.28892320 0.58503189 0.29618184 -0.71504620 0.24232814 
0.60581846 -0.25093822 -0.69752232 0.28892320 0.28892320 0.69752232 -0.25093822 -0.60581846 
0.07713229 -0.72965667 -0.19394624 0.65118093 0.32331375 -0.59759516 -0.46140441 0.57048595 
0.07713229 -0.72965667 -0.19394624 0.65118093 0.57048595 0.46140441 -0.59759516 -0.32331375 
0.07713229 -0.72965667 -0.19394624 0.65118093 0.54430968 0.74085168 -0.14543998 -0.36566784 
0.07713229 -0.72965667 -0.19394624 0.65118093 0.36566784 -0.14543998 -0.74085168 0.54430968 
0.12631886 -0.42101966 -0.62670284 0.64345127 0.54430968 0.74085168 -0.14543998 -0.36566784 
0.12631886 -0.42101966 -0.62670284 0.64345127 0.36566784 -0.14543998 -0.74085168 0.54430968 
0.19394624 0.72965667 0.07713229 -0.65118093 0.65118093 0.07713229 -0.72965667 0.19394624 
0.19394624 0.72965667 0.07713229 -0.65118093 0.07713229 0.65118093 0.19394624 -0.72965667 
0.19394624 0.72965667 0.07713229 -0.65118093 0.72965667 0.19394624 -0.65118093 0.07713229 
0.19394624 0.72965667 0.07713229 -0.65118093 0.26529504 -0.28204347 -0.78242746 0.48772666 
0.19394624 0.72965667 0.07713229 -0.65118093 0.48772666 0.78242746 -0.28204347 -0.26529504 
0.19394624 0.72965667 0.07713229 -0.65118093 0.78242746 0.48772666 -0.26529504 -0.28204347 
0.19394624 0.72965667 0.07713229 -0.65118093 0.28204347 -0.26529504 -0.48772666 0.78242746 
0.26529504 -0.28204347 -0.78242746 0.48772666 0.48772666 0.78242746 -0.28204347 -0.26529504 
0.26529504 -0.28204347 -0.78242746 0.48772666 0.78242746 0.48772666 -0.26529504 -0.28204347 
0.26529504 -0.28204347 -0.78242746 0.48772666 0.28204347 -0.26529504 -0.48772666 0.78242746 
0.63267790 0.67066288 -0.22407878 -0.31578264 0.22407878 -0.31578264 -0.63267790 0.67066288 
0.33426215 0.67696589 0.20424783 -0.62311220 0.20424783 0.62311220 0.33426215 -0.67696589 
0.09630140 0.74882578 0.17477714 -0.63201183 0.17477714 0.63201183 0.09630140 -0.74882578 
0.09630140 0.74882578 0.17477714 -0.63201183 0.74882578 0.09630140 -0.63201183 0.17477714 
0.09630140 0.74882578 0.17477714 -0.63201183 0.12631886 -0.64345127 -0.42101966 0.62670284 
0.09630140 0.74882578 0.17477714 -0.63201183 0.62670284 0.42101966 -0.64345127 -0.12631886 
0.12631886 -0.64345127 -0.42101966 0.62670284 0.42101966 0.62670284 -0.12631886 -0.64345127 
0.12631886 -0.64345127 -0.42101966 0.62670284 0.64345127 -0.12631886 -0.62670284 0.42101966 
0.29392312 0.81679586 0.07321825 -0.49101203 0.49101203 0.07321825 -0.81679586 0.29392312 
0.29392312 0.81679586 0.07321825 -0.49101203 0.07321825 0.49101203 0.29392312 -0.81679586 
0.29392312 0.81679586 0.07321825 -0.49101203 0.81679586 0.29392312 -0.49101203 0.07321825 
0.19150368 -0.61547617 -0.50911904 0.57036237 0.29392312 0.81679586 0.07321825 -0.49101203 
0.19150368 -0.61547617 -0.50911904 0.57036237 0.49101203 0.07321825 -0.81679586 0.29392312 
0.19150368 -0.61547617 -0.50911904 0.57036237 0.57036237 0.50911904 -0.61547617 -0.19150368 
0.19150368 -0.61547617 -0.50911904 0.57036237 0.50911904 0.57036237 -0.19150368 -0.61547617 
0.19150368 -0.61547617 -0.50911904 0.57036237 0.61547617 -0.19150368 -0.57036237 0.50911904 
0.19150368 -0.61547617 -0.50911904 0.57036237 0.07321825 0.49101203 0.29392312 -0.81679586 
0.19150368 -0.61547617 -0.50911904 0.57036237 0.81679586 0.29392312 -0.49101203 0.07321825 
0.07520585 0.79520890 0.26789355 -0.53872065 0.19150368 -0.57036237 -0.61547617 0.50911904 
0.07520585 0.79520890 0.26789355 -0.53872065 0.50911904 0.61547617 -0.57036237 -0.19150368 
0.27324435 0.83747463 -0.05253948 -0.47033326 0.36972686 -0.29542482 -0.78539692 0.39897105 
0.27324435 0.83747463 -0.05253948 -0.47033326 0.39897105 0.78539692 -0.29542482 -0.36972686 
0.56451774 0.56451774 -0.42581653 -0.42581653 0.42581653 -0.42581653 -0.56451774 0.56451774 
0.60706256 0.60706256 -0.36259488 -0.36259488 0.36259488 -0.36259488 -0.60706256 0.60706256 
0.68565135 0.17286476 -0.68565135 -0.17286476 0.68565135 -0.17286476 -0.68565135 0.17286476 
0.04120440 0.56914914 0.45785048 -0.68172164 0.68172164 0.45785048 -0.56914914 0.04120440 
0.04120440 0.56914914 0.45785048 -0.68172164 0.45785048 0.68172164 0.04120440 -0.56914914 
0.04120440 0.56914914 0.45785048 -0.68172164 0.56914914 0.04120440 -0.68172164 0.45785048 
0.04120440 -0.68172164 -0.45785048 0.56914914 0.56914914 0.45785048 -0.68172164 -0.04120440 
0.04120440 -0.68172164 -0.45785048 0.56914914 0.45785048 0.56914914 -0.04120440 -0.68172164 
0.04120440 -0.68172164 -0.45785048 0.56914914 0.68172164 -0.04120440 -0.56914914 0.45785048 
0.07870003 0.72619839 0.51118590 -0.45291409 0.04120440 0.68172164 0.56914914 -0.45785048 
0.07870003 0.72619839 0.51118590 -0.45291409 0.45785048 0.56914914 -0.68172164 0.04120440 
