axis,angle,RGB for disorientation axis in SST 
388 
0.00000000 0.00000000 1.00000000 36.86989765 1.00000000 0.00000000 0.00000000 
-0.00000000 -0.00000000 1.00000000 36.86989765 1.00000000 0.00000000 0.00000000 
-0.57735027 0.57735027 0.57735027 60.00000000 0.00708751 0.00000000 1.00000000 
-0.57735027 0.57735027 0.57735027 60.00000000 0.00708751 0.00000000 1.00000000 
-0.57735027 0.57735027 0.57735027 60.00000000 0.00708751 0.00000000 1.00000000 
-0.00000000 0.00000000 1.00000000 36.86989765 1.00000000 0.00000000 0.00000000 
0.00000000 0.00000000 1.00000000 22.61986495 1.00000000 0.00000000 0.00000000 
-0.00000000 -0.00000000 1.00000000 22.61986495 1.00000000 0.00000000 0.00000000 
-0.44721360 0.00000000 0.89442719 48.18968510 0.96536593 1.00000000 0.00000000 
-0.00000000 0.00000000 1.00000000 36.86989765 1.00000000 0.00000000 0.00000000 
-0.57735027 0.57735027 0.57735027 60.00000000 0.00708751 0.00000000 1.00000000 
-0.44721360 0.00000000 0.89442719 48.18968510 0.96536593 1.00000000 0.00000000 
-0.57735027 0.57735027 0.57735027 60.00000000 0.00708751 0.00000000 1.00000000 
-0.44721360 0.00000000 0.89442719 48.18968510 0.96536593 1.00000000 0.00000000 
-0.00000000 0.00000000 1.00000000 36.86989765 1.00000000 0.00000000 0.00000000 
-0.00000000 0.00000000 1.00000000 28.07248694 1.00000000 0.00000000 0.00000000 
-0.00000000 0.00000000 1.00000000 28.07248694 1.00000000 0.00000000 0.00000000 
-0.57735027 0.57735027 0.57735027 60.00000000 0.00708751 0.00000000 1.00000000 
-0.70710678 0.00000000 0.70710678 38.94244127 0.00000000 1.00000000 0.01108044 
-0.57735027 0.57735027 0.57735027 60.00000000 0.00708751 0.00000000 1.00000000 
-0.70710678 0.00000000 0.70710678 38.94244127 0.00000000 1.00000000 0.01108044 
-0.70710678 -0.00000000 0.70710678 38.94244127 0.00000000 1.00000000 0.01108044 
-0.70710678 0.00000000 0.70710678 38.94244127 0.00000000 1.00000000 0.01108044 
-0.70710678 0.00000000 0.70710678 38.94244127 0.00000000 1.00000000 0.01108044 
-0.57735027 0.57735027 0.57735027 21.78678930 0.00708751 0.00000000 1.00000000 
-0.57735027 0.57735027 0.57735027 38.21321070 0.00708751 0.00000000 1.00000000 
-0.57735027 0.57735027 0.57735027 60.00000000 0.00708751 0.00000000 1.00000000 
-0.57735027 0.57735027 0.57735027 38.21321070 0.00708751 0.00000000 1.00000000 
-0.57735027 0.57735027 0.57735027 21.78678930 0.00708751 0.00000000 1.00000000 
-0.57735027 0.57735027 0.57735027 60.00000000 0.00708751 0.00000000 1.00000000 
-0.57735027 0.57735027 0.57735027 21.78678930 0.00708751 0.00000000 1.00000000 
-0.57735027 0.57735027 0.57735027 38.21321070 0.00708751 0.00000000 1.00000000 
-0.70710678 0.00000000 0.70710678 50.47880364 0.00000000 1.00000000 0.01108044 
-0.70710678 0.00000000 0.70710678 50.47880364 0.00000000 1.00000000 0.01108044 
-0.70710678 -0.00000000 0.70710678 50.47880364 0.00000000 1.00000000 0.01108044 
0.00000000 0.00000000 1.00000000 16.26020471 1.00000000 0.00000000 0.00000000 
-0.00000000 0.00000000 1.00000000 36.86989765 1.00000000 0.00000000 0.00000000 
-0.44721360 0.00000000 0.89442719 48.18968510 0.96536593 1.00000000 0.00000000 
-0.00000000 -0.00000000 1.00000000 16.26020471 1.00000000 0.00000000 0.00000000 
-0.00000000 0.00000000 1.00000000 22.61986495 1.00000000 0.00000000 0.00000000 
-0.00000000 0.00000000 1.00000000 43.60281897 1.00000000 0.00000000 0.00000000 
-0.00000000 0.00000000 1.00000000 43.60281897 1.00000000 0.00000000 0.00000000 
-0.30151134 0.30151134 0.90453403 33.55730976 0.99999988 0.00000002 0.88516400 
-0.70710678 0.00000000 0.70710678 50.47880364 0.00000000 1.00000000 0.01108044 
-0.57735027 0.57735027 0.57735027 60.00000000 0.00708751 0.00000000 1.00000000 
-0.30151134 0.30151134 0.90453403 33.55730976 0.99999988 0.00000002 0.88516400 
-0.57735027 0.57735027 0.57735027 60.00000000 0.00708751 0.00000000 1.00000000 
-0.30151134 0.30151134 0.90453403 33.55730976 0.99999988 0.00000002 0.88516400 
-0.70710678 0.00000000 0.70710678 50.47880364 0.00000000 1.00000000 0.01108044 
-0.66666667 0.33333333 0.66666667 61.92751306 0.00000000 0.87216704 1.00000000 
-0.66666667 0.33333333 0.66666667 61.92751306 0.00000000 0.87216704 1.00000000 
0.00000000 0.00000000 1.00000000 28.07248694 1.00000000 0.00000000 0.00000000 
-0.66666667 0.33333333 0.66666667 61.92751306 0.00000000 0.87216704 1.00000000 
-0.68824720 0.22941573 0.68824720 43.23323481 0.00000002 0.99999991 0.89248702 
-0.00000000 -0.00000000 1.00000000 36.86989765 1.00000000 0.00000000 0.00000000 
-0.57735027 0.57735027 0.57735027 38.21321070 0.00708751 0.00000000 1.00000000 
-0.68824720 0.22941573 0.68824720 43.23323481 0.00000002 0.99999991 0.89248702 
-0.57735027 0.57735027 0.57735027 38.21321070 0.00708751 0.00000000 1.00000000 
-0.68824720 0.22941573 0.68824720 43.23323481 0.00000002 0.99999991 0.89248702 
-0.00000000 0.00000000 1.00000000 36.86989765 1.00000000 0.00000000 0.00000000 
-0.00000000 0.00000000 1.00000000 18.92464442 1.00000000 0.00000000 0.00000000 
-0.00000000 0.00000000 1.00000000 18.92464442 1.00000000 0.00000000 0.00000000 
-0.70710678 -0.00000000 0.70710678 26.52535202 0.00000000 1.00000000 0.01108044 
-0.70710678 0.00000000 0.70710678 26.52535202 0.00000000 1.00000000 0.01108044 
-0.70710678 0.00000000 0.70710678 26.52535202 0.00000000 1.00000000 0.01108044 
-0.57735027 0.57735027 0.57735027 32.20422750 0.00708751 0.00000000 1.00000000 
-0.57735027 0.57735027 0.57735027 27.79577250 0.00708751 0.00000000 1.00000000 
-0.57735027 0.57735027 0.57735027 60.00000000 0.00708751 0.00000000 1.00000000 
-0.57735027 0.57735027 0.57735027 27.79577250 0.00708751 0.00000000 1.00000000 
-0.57735027 0.57735027 0.57735027 32.20422750 0.00708751 0.00000000 1.00000000 
-0.57735027 0.57735027 0.57735027 60.00000000 0.00708751 0.00000000 1.00000000 
-0.57735027 0.57735027 0.57735027 32.20422750 0.00708751 0.00000000 1.00000000 
-0.57735027 0.57735027 0.57735027 27.79577250 0.00708751 0.00000000 1.00000000 
0.00000000 0.00000000 1.00000000 12.68038349 1.00000000 0.00000000 0.00000000 
-0.00000000 -0.00000000 1.00000000 12.68038349 1.00000000 0.00000000 0.00000000 
-0.40824829 0.40824829 0.81649658 44.41530860 0.79757403 0.00000000 1.00000000 
-0.57735027 0.57735027 0.57735027 38.21321070 0.00708751 0.00000000 1.00000000 
-0.57735027 0.57735027 0.57735027 60.00000000 0.00708751 0.00000000 1.00000000 
-0.40824829 0.40824829 0.81649658 44.41530860 0.79757403 0.00000000 1.00000000 
-0.57735027 0.57735027 0.57735027 60.00000000 0.00708751 0.00000000 1.00000000 
-0.40824829 0.40824829 0.81649658 44.41530860 0.79757403 0.00000000 1.00000000 
-0.57735027 0.57735027 0.57735027 38.21321070 0.00708751 0.00000000 1.00000000 
-0.44721360 0.00000000 0.89442719 48.18968510 0.96536593 1.00000000 0.00000000 
-0.57735027 0.57735027 0.57735027 60.00000000 0.00708751 0.00000000 1.00000000 
-0.66666667 0.33333333 0.66666667 53.13010235 0.00000000 0.87216704 1.00000000 
-0.30151134 0.30151134 0.90453403 28.62455095 0.99999988 0.00000002 0.88516400 
-0.70710678 0.00000000 0.70710678 38.94244127 0.00000000 1.00000000 0.01108044 
-0.44721360 0.00000000 0.89442719 48.18968510 0.96536593 1.00000000 0.00000000 
-0.57735027 0.57735027 0.57735027 60.00000000 0.00708751 0.00000000 1.00000000 
-0.70710678 0.00000000 0.70710678 38.94244127 0.00000000 1.00000000 0.01108044 
-0.66666667 0.33333333 0.66666667 36.86989765 0.00000000 0.87216704 1.00000000 
-0.00000000 -0.00000000 1.00000000 36.86989765 1.00000000 0.00000000 0.00000000 
-0.70710678 -0.00000000 0.70710678 38.94244127 0.00000000 1.00000000 0.01108044 
-0.30151134 0.30151134 0.90453403 28.62455095 0.99999988 0.00000002 0.88516400 
-0.66666667 0.33333333 0.66666667 53.13010235 0.00000000 0.87216704 1.00000000 
-0.70710678 0.00000000 0.70710678 38.94244127 0.00000000 1.00000000 0.01108044 
-0.44721360 0.00000000 0.89442719 48.18968510 0.96536593 1.00000000 0.00000000 
-0.30151134 0.30151134 0.90453403 28.62455095 0.99999988 0.00000002 0.88516400 
-0.66666667 0.33333333 0.66666667 53.13010235 0.00000000 0.87216704 1.00000000 
-0.66666667 0.33333333 0.66666667 36.86989765 0.00000000 0.87216704 1.00000000 
-0.00000000 0.00000000 1.00000000 36.86989765 1.00000000 0.00000000 0.00000000 
-0.00000000 0.00000000 1.00000000 36.86989765 1.00000000 0.00000000 0.00000000 
-0.00000000 0.00000000 1.00000000 16.26020471 1.00000000 0.00000000 0.00000000 
-0.68824720 0.22941573 0.68824720 51.68386553 0.00000002 0.99999991 0.89248702 
-0.68824720 0.22941573 0.68824720 51.68386553 0.00000002 0.99999991 0.89248702 
-0.68824720 0.22941573 0.68824720 51.68386553 0.00000002 0.99999991 0.89248702 
-0.68824720 0.22941573 0.68824720 51.68386553 0.00000002 0.99999991 0.89248702 
-0.00000000 0.00000000 1.00000000 36.86989765 1.00000000 0.00000000 0.00000000 
-0.68824720 0.22941573 0.68824720 51.68386553 0.00000002 0.99999991 0.89248702 
-0.00000000 0.00000000 1.00000000 16.26020471 1.00000000 0.00000000 0.00000000 
-0.68824720 0.22941573 0.68824720 51.68386553 0.00000002 0.99999991 0.89248702 
-0.00000000 0.00000000 1.00000000 31.89079180 1.00000000 0.00000000 0.00000000 
-0.00000000 0.00000000 1.00000000 31.89079180 1.00000000 0.00000000 0.00000000 
-0.70710678 0.00000000 0.70710678 31.58633810 0.00000000 1.00000000 0.01108044 
-0.70710678 0.00000000 0.70710678 38.94244127 0.00000000 1.00000000 0.01108044 
-0.57735027 0.57735027 0.57735027 60.00000000 0.00708751 0.00000000 1.00000000 
-0.70710678 0.00000000 0.70710678 31.58633810 0.00000000 1.00000000 0.01108044 
-0.70710678 0.00000000 0.70710678 38.94244127 0.00000000 1.00000000 0.01108044 
-0.57735027 0.57735027 0.57735027 60.00000000 0.00708751 0.00000000 1.00000000 
-0.44721360 -0.00000000 0.89442719 35.43094469 0.96536593 1.00000000 0.00000000 
-0.70710678 -0.00000000 0.70710678 38.94244127 0.00000000 1.00000000 0.01108044 
-0.44721360 -0.00000000 0.89442719 35.43094469 0.96536593 1.00000000 0.00000000 
-0.70710678 -0.00000000 0.70710678 38.94244127 0.00000000 1.00000000 0.01108044 
-0.44721360 0.00000000 0.89442719 35.43094469 0.96536593 1.00000000 0.00000000 
-0.70710678 0.00000000 0.70710678 31.58633810 0.00000000 1.00000000 0.01108044 
-0.70710678 0.00000000 0.70710678 38.94244127 0.00000000 1.00000000 0.01108044 
-0.57735027 0.57735027 0.57735027 60.00000000 0.00708751 0.00000000 1.00000000 
-0.70710678 0.00000000 0.70710678 38.94244127 0.00000000 1.00000000 0.01108044 
-0.70710678 0.00000000 0.70710678 31.58633810 0.00000000 1.00000000 0.01108044 
-0.44721360 0.00000000 0.89442719 35.43094469 0.96536593 1.00000000 0.00000000 
-0.44721360 0.00000000 0.89442719 35.43094469 0.96536593 1.00000000 0.00000000 
-0.70710678 0.00000000 0.70710678 31.58633810 0.00000000 1.00000000 0.01108044 
-0.31622777 0.00000000 0.94868330 35.09680123 1.00000000 0.77561343 0.00000000 
-0.70710678 0.00000000 0.70710678 50.47880364 0.00000000 1.00000000 0.01108044 
-0.00000000 0.00000000 1.00000000 36.86989765 1.00000000 0.00000000 0.00000000 
-0.31622777 0.00000000 0.94868330 35.09680123 1.00000000 0.77561343 0.00000000 
-0.00000000 -0.00000000 1.00000000 36.86989765 1.00000000 0.00000000 0.00000000 
-0.31622777 0.00000000 0.94868330 35.09680123 1.00000000 0.77561343 0.00000000 
-0.70710678 -0.00000000 0.70710678 50.47880364 0.00000000 1.00000000 0.01108044 
-0.57735027 0.57735027 0.57735027 13.17355111 0.00708751 0.00000000 1.00000000 
-0.57735027 0.57735027 0.57735027 46.82644889 0.00708751 0.00000000 1.00000000 
-0.57735027 0.57735027 0.57735027 60.00000000 0.00708751 0.00000000 1.00000000 
-0.57735027 0.57735027 0.57735027 46.82644889 0.00708751 0.00000000 1.00000000 
-0.57735027 0.57735027 0.57735027 13.17355111 0.00708751 0.00000000 1.00000000 
-0.57735027 0.57735027 0.57735027 60.00000000 0.00708751 0.00000000 1.00000000 
-0.57735027 0.57735027 0.57735027 13.17355111 0.00708751 0.00000000 1.00000000 
-0.57735027 0.57735027 0.57735027 46.82644889 0.00708751 0.00000000 1.00000000 
0.00000000 0.00000000 1.00000000 43.60281897 1.00000000 0.00000000 0.00000000 
0.00000000 0.00000000 1.00000000 10.38885782 1.00000000 0.00000000 0.00000000 
-0.00000000 -0.00000000 1.00000000 10.38885782 1.00000000 0.00000000 0.00000000 
0.00000000 0.00000000 1.00000000 30.51023741 1.00000000 0.00000000 0.00000000 
-0.00000000 0.00000000 1.00000000 22.61986495 1.00000000 0.00000000 0.00000000 
-0.00000000 0.00000000 1.00000000 36.86989765 1.00000000 0.00000000 0.00000000 
-0.00000000 0.00000000 1.00000000 14.25003270 1.00000000 0.00000000 0.00000000 
-0.00000000 -0.00000000 1.00000000 30.51023741 1.00000000 0.00000000 0.00000000 
-0.00000000 0.00000000 1.00000000 14.25003270 1.00000000 0.00000000 0.00000000 
-0.70710678 -0.00000000 0.70710678 20.04997572 0.00000000 1.00000000 0.01108044 
-0.70710678 -0.00000000 0.70710678 50.47880364 0.00000000 1.00000000 0.01108044 
-0.57735027 0.57735027 0.57735027 60.00000000 0.00708751 0.00000000 1.00000000 
-0.70710678 -0.00000000 0.70710678 58.99241699 0.00000000 1.00000000 0.01108044 
-0.70710678 0.00000000 0.70710678 20.04997572 0.00000000 1.00000000 0.01108044 
-0.70710678 0.00000000 0.70710678 50.47880364 0.00000000 1.00000000 0.01108044 
-0.57735027 0.57735027 0.57735027 60.00000000 0.00708751 0.00000000 1.00000000 
-0.70710678 0.00000000 0.70710678 58.99241699 0.00000000 1.00000000 0.01108044 
-0.70710678 0.00000000 0.70710678 20.04997572 0.00000000 1.00000000 0.01108044 
-0.70710678 -0.00000000 0.70710678 58.99241699 0.00000000 1.00000000 0.01108044 
-0.40824829 0.40824829 0.81649658 34.04773237 0.79757403 0.00000000 1.00000000 
-0.57735027 0.57735027 0.57735027 38.21321070 0.00708751 0.00000000 1.00000000 
-0.00000000 0.00000000 1.00000000 36.86989765 1.00000000 0.00000000 0.00000000 
-0.40824829 0.40824829 0.81649658 34.04773237 0.79757403 0.00000000 1.00000000 
-0.00000000 0.00000000 1.00000000 36.86989765 1.00000000 0.00000000 0.00000000 
-0.40824829 0.40824829 0.81649658 34.04773237 0.79757403 0.00000000 1.00000000 
-0.57735027 0.57735027 0.57735027 38.21321070 0.00708751 0.00000000 1.00000000 
-0.44721360 -0.00000000 0.89442719 48.18968510 0.96536593 1.00000000 0.00000000 
-0.40824829 0.40824829 0.81649658 44.41530860 0.79757403 0.00000000 1.00000000 
-0.65094455 0.39056673 0.65094455 44.02409402 0.00000000 0.73434209 1.00000000 
-0.57735027 0.57735027 0.57735027 60.00000000 0.00708751 0.00000000 1.00000000 
-0.57735027 0.57735027 0.57735027 60.00000000 0.00708751 0.00000000 1.00000000 
-0.62469505 -0.00000000 0.78086881 52.44492075 0.41843023 1.00000000 0.00000000 
-0.44721360 0.00000000 0.89442719 22.98091981 0.96536593 1.00000000 0.00000000 
-0.30151134 0.30151134 0.90453403 28.62455095 0.99999988 0.00000002 0.88516400 
-0.50709255 0.16903085 0.84515425 19.18813645 0.25810319 0.29388775 0.21558654 
-0.70710678 -0.00000000 0.70710678 38.94244127 0.00000000 1.00000000 0.01108044 
-0.19245009 0.19245009 0.96225045 38.21321070 1.00000000 0.00000000 0.58757526 
-0.66666667 0.33333333 0.66666667 53.13010235 0.00000000 0.87216704 1.00000000 
-0.44721360 -0.00000000 0.89442719 48.18968510 0.96536593 1.00000000 0.00000000 
-0.65094455 0.39056673 0.65094455 44.02409402 0.00000000 0.73434209 1.00000000 
-0.40824829 0.40824829 0.81649658 44.41530860 0.79757403 0.00000000 1.00000000 
-0.57735027 0.57735027 0.57735027 60.00000000 0.00708751 0.00000000 1.00000000 
-0.44721360 -0.00000000 0.89442719 22.98091981 0.96536593 1.00000000 0.00000000 
-0.40824829 0.40824829 0.81649658 34.04773237 0.79757403 0.00000000 1.00000000 
-0.30151134 0.30151134 0.90453403 28.62455095 0.99999988 0.00000002 0.88516400 
-0.70710678 0.00000000 0.70710678 38.94244127 0.00000000 1.00000000 0.01108044 
-0.57735027 0.57735027 0.57735027 38.21321070 0.00708751 0.00000000 1.00000000 
-0.50709255 0.16903085 0.84515425 19.18813645 0.25810319 0.29388775 0.21558654 
-0.00000000 0.00000000 1.00000000 36.86989765 1.00000000 0.00000000 0.00000000 
-0.44721360 -0.00000000 0.89442719 48.18968510 0.96536593 1.00000000 0.00000000 
-0.62469505 0.00000000 0.78086881 52.44492075 0.41843023 1.00000000 0.00000000 
-0.40824829 0.40824829 0.81649658 44.41530860 0.79757403 0.00000000 1.00000000 
-0.57735027 0.57735027 0.57735027 60.00000000 0.00708751 0.00000000 1.00000000 
-0.19245009 0.19245009 0.96225045 38.21321070 1.00000000 0.00000000 0.58757526 
-0.40824829 0.40824829 0.81649658 34.04773237 0.79757403 0.00000000 1.00000000 
-0.66666667 0.33333333 0.66666667 53.13010235 0.00000000 0.87216704 1.00000000 
-0.40824829 0.40824829 0.81649658 34.04773237 0.79757403 0.00000000 1.00000000 
-0.44721360 -0.00000000 0.89442719 22.98091981 0.96536593 1.00000000 0.00000000 
-0.50709255 0.16903085 0.84515425 19.18813645 0.25810319 0.29388775 0.21558654 
-0.57735027 0.57735027 0.57735027 38.21321070 0.00708751 0.00000000 1.00000000 
-0.40824829 0.40824829 0.81649658 44.41530860 0.79757403 0.00000000 1.00000000 
-0.65094455 0.39056673 0.65094455 44.02409402 0.00000000 0.73434209 1.00000000 
-0.40824829 0.40824829 0.81649658 34.04773237 0.79757403 0.00000000 1.00000000 
-0.19245009 0.19245009 0.96225045 38.21321070 1.00000000 0.00000000 0.58757526 
-0.40824829 0.40824829 0.81649658 44.41530860 0.79757403 0.00000000 1.00000000 
-0.62469505 0.00000000 0.78086881 52.44492075 0.41843023 1.00000000 0.00000000 
-0.00000000 0.00000000 1.00000000 41.11209044 1.00000000 0.00000000 0.00000000 
-0.00000000 0.00000000 1.00000000 41.11209044 1.00000000 0.00000000 0.00000000 
0.00000000 0.00000000 1.00000000 18.92464442 1.00000000 0.00000000 0.00000000 
-0.31622777 0.00000000 0.94868330 29.52626525 1.00000000 0.77561343 0.00000000 
-0.40824829 0.40824829 0.81649658 34.04773237 0.79757403 0.00000000 1.00000000 
-0.40824829 0.40824829 0.81649658 38.57265082 0.79757403 0.00000000 1.00000000 
-0.57735027 0.57735027 0.57735027 38.21321070 0.00708751 0.00000000 1.00000000 
-0.70710678 -0.00000000 0.70710678 50.47880364 0.00000000 1.00000000 0.01108044 
-0.00000000 -0.00000000 1.00000000 36.86989765 1.00000000 0.00000000 0.00000000 
-0.49827288 0.24913644 0.83045480 51.43686513 0.23383835 0.24712409 0.26825125 
-0.68824720 0.22941573 0.68824720 28.76231219 0.00000002 0.99999991 0.89248702 
-0.40824829 0.40824829 0.81649658 34.04773237 0.79757403 0.00000000 1.00000000 
-0.70014004 0.14002801 0.70014004 57.56356279 0.00000000 1.00000000 0.65122152 
-0.31622777 -0.00000000 0.94868330 29.52626525 1.00000000 0.77561343 0.00000000 
-0.40824829 0.40824829 0.81649658 38.57265082 0.79757403 0.00000000 1.00000000 
-0.49827288 0.24913644 0.83045480 51.43686513 0.23383835 0.24712409 0.26825125 
-0.70710678 -0.00000000 0.70710678 50.47880364 0.00000000 1.00000000 0.01108044 
-0.68824720 0.22941573 0.68824720 28.76231219 0.00000002 0.99999991 0.89248702 
-0.70014004 0.14002801 0.70014004 57.56356279 0.00000000 1.00000000 0.65122152 
-0.40824829 0.40824829 0.81649658 38.57265082 0.79757403 0.00000000 1.00000000 
-0.40824829 0.40824829 0.81649658 34.04773237 0.79757403 0.00000000 1.00000000 
-0.31622777 0.00000000 0.94868330 29.52626525 1.00000000 0.77561343 0.00000000 
-0.70710678 0.00000000 0.70710678 50.47880364 0.00000000 1.00000000 0.01108044 
-0.00000000 0.00000000 1.00000000 36.86989765 1.00000000 0.00000000 0.00000000 
-0.49827288 0.24913644 0.83045480 51.43686513 0.23383835 0.24712409 0.26825125 
-0.57735027 0.57735027 0.57735027 38.21321070 0.00708751 0.00000000 1.00000000 
-0.70014004 0.14002801 0.70014004 57.56356279 0.00000000 1.00000000 0.65122152 
-0.68824720 0.22941573 0.68824720 28.76231219 0.00000002 0.99999991 0.89248702 
-0.40824829 0.40824829 0.81649658 34.04773237 0.79757403 0.00000000 1.00000000 
-0.70710678 0.00000000 0.70710678 55.87670546 0.00000000 1.00000000 0.01108044 
-0.70710678 -0.00000000 0.70710678 55.87670546 0.00000000 1.00000000 0.01108044 
-0.00000000 0.00000000 1.00000000 12.68038349 1.00000000 0.00000000 0.00000000 
-0.70710678 0.00000000 0.70710678 55.87670546 0.00000000 1.00000000 0.01108044 
-0.00000000 0.00000000 1.00000000 8.79741071 1.00000000 0.00000000 0.00000000 
-0.00000000 0.00000000 1.00000000 28.07248694 1.00000000 0.00000000 0.00000000 
-0.00000000 0.00000000 1.00000000 36.86989765 1.00000000 0.00000000 0.00000000 
-0.00000000 0.00000000 1.00000000 25.05761542 1.00000000 0.00000000 0.00000000 
-0.00000000 -0.00000000 1.00000000 8.79741071 1.00000000 0.00000000 0.00000000 
-0.00000000 0.00000000 1.00000000 25.05761542 1.00000000 0.00000000 0.00000000 
-0.63960215 0.42640143 0.63960215 60.76635998 0.00000000 0.63193839 1.00000000 
-0.63960215 0.42640143 0.63960215 60.76635998 0.00000000 0.63193839 1.00000000 
-0.63960215 0.42640143 0.63960215 60.76635998 0.00000000 0.63193839 1.00000000 
-0.40824829 0.40824829 0.81649658 30.45031402 0.79757403 0.00000000 1.00000000 
-0.66666667 0.33333333 0.66666667 46.39718103 0.00000000 0.87216704 1.00000000 
-0.57735027 0.57735027 0.57735027 60.00000000 0.00708751 0.00000000 1.00000000 
-0.66666667 0.33333333 0.66666667 46.39718103 0.00000000 0.87216704 1.00000000 
-0.40824829 0.40824829 0.81649658 30.45031402 0.79757403 0.00000000 1.00000000 
-0.57735027 0.57735027 0.57735027 60.00000000 0.00708751 0.00000000 1.00000000 
-0.40824829 0.40824829 0.81649658 30.45031402 0.79757403 0.00000000 1.00000000 
-0.66666667 0.33333333 0.66666667 46.39718103 0.00000000 0.87216704 1.00000000 
-0.00000000 0.00000000 1.00000000 25.98923358 1.00000000 0.00000000 0.00000000 
-0.00000000 -0.00000000 1.00000000 25.98923358 1.00000000 0.00000000 0.00000000 
-0.44721360 -0.00000000 0.89442719 48.18968510 0.96536593 1.00000000 0.00000000 
-0.57735027 0.57735027 0.57735027 60.00000000 0.00708751 0.00000000 1.00000000 
-0.66666667 0.33333333 0.66666667 36.86989765 0.00000000 0.87216704 1.00000000 
-0.70710678 -0.00000000 0.70710678 38.94244127 0.00000000 1.00000000 0.01108044 
-0.00000000 0.00000000 1.00000000 36.86989765 1.00000000 0.00000000 0.00000000 
-0.70710678 0.00000000 0.70710678 38.94244127 0.00000000 1.00000000 0.01108044 
-0.30151134 0.30151134 0.90453403 28.62455095 0.99999988 0.00000002 0.88516400 
-0.70710678 -0.00000000 0.70710678 38.94244127 0.00000000 1.00000000 0.01108044 
-0.66666667 0.33333333 0.66666667 53.13010235 0.00000000 0.87216704 1.00000000 
-0.66666667 0.33333333 0.66666667 36.86989765 0.00000000 0.87216704 1.00000000 
-0.70710678 -0.00000000 0.70710678 38.94244127 0.00000000 1.00000000 0.01108044 
-0.55470020 0.00000000 0.83205029 31.00271913 0.69346375 1.00000000 0.00000000 
-0.00000000 0.00000000 1.00000000 22.61986495 1.00000000 0.00000000 0.00000000 
-0.57735027 0.57735027 0.57735027 38.21321070 0.00708751 0.00000000 1.00000000 
-0.55470020 0.00000000 0.83205029 31.00271913 0.69346375 1.00000000 0.00000000 
-0.57735027 0.57735027 0.57735027 38.21321070 0.00708751 0.00000000 1.00000000 
-0.55470020 -0.00000000 0.83205029 31.00271913 0.69346375 1.00000000 0.00000000 
-0.00000000 0.00000000 1.00000000 22.61986495 1.00000000 0.00000000 0.00000000 
-0.57735027 0.57735027 0.57735027 42.10344887 0.00708751 0.00000000 1.00000000 
-0.57735027 0.57735027 0.57735027 17.89655113 0.00708751 0.00000000 1.00000000 
-0.57735027 0.57735027 0.57735027 60.00000000 0.00708751 0.00000000 1.00000000 
-0.57735027 0.57735027 0.57735027 17.89655113 0.00708751 0.00000000 1.00000000 
-0.57735027 0.57735027 0.57735027 42.10344887 0.00708751 0.00000000 1.00000000 
-0.57735027 0.57735027 0.57735027 60.00000000 0.00708751 0.00000000 1.00000000 
-0.57735027 0.57735027 0.57735027 42.10344887 0.00708751 0.00000000 1.00000000 
-0.57735027 0.57735027 0.57735027 17.89655113 0.00708751 0.00000000 1.00000000 
-0.68824720 0.22941573 0.68824720 25.84193276 0.00000002 0.99999991 0.89248702 
-0.70710678 -0.00000000 0.70710678 26.52535202 0.00000000 1.00000000 0.01108044 
-0.00000000 0.00000000 1.00000000 36.86989765 1.00000000 0.00000000 0.00000000 
-0.68824720 0.22941573 0.68824720 25.84193276 0.00000002 0.99999991 0.89248702 
-0.00000000 0.00000000 1.00000000 36.86989765 1.00000000 0.00000000 0.00000000 
-0.68824720 0.22941573 0.68824720 25.84193276 0.00000002 0.99999991 0.89248702 
-0.70710678 0.00000000 0.70710678 26.52535202 0.00000000 1.00000000 0.01108044 
0.00000000 0.00000000 1.00000000 42.07502205 1.00000000 0.00000000 0.00000000 
-0.00000000 -0.00000000 1.00000000 42.07502205 1.00000000 0.00000000 0.00000000 
-0.57735027 0.57735027 0.57735027 38.21321070 0.00708751 0.00000000 1.00000000 
-0.48507125 0.48507125 0.72760688 49.22719531 0.50011535 0.00000000 1.00000000 
-0.57735027 0.57735027 0.57735027 43.57357860 0.00708751 0.00000000 1.00000000 
-0.19245009 0.19245009 0.96225045 43.57357860 1.00000000 0.00000000 0.58757526 
-0.19245009 0.19245009 0.96225045 43.57357860 1.00000000 0.00000000 0.58757526 
-0.48507125 0.48507125 0.72760688 49.22719531 0.50011535 0.00000000 1.00000000 
-0.48507125 0.48507125 0.72760688 49.22719531 0.50011535 0.00000000 1.00000000 
-0.57735027 0.57735027 0.57735027 38.21321070 0.00708751 0.00000000 1.00000000 
-0.57735027 0.57735027 0.57735027 43.57357860 0.00708751 0.00000000 1.00000000 
-0.48507125 0.48507125 0.72760688 49.22719531 0.50011535 0.00000000 1.00000000 
-0.19245009 0.19245009 0.96225045 43.57357860 1.00000000 0.00000000 0.58757526 
-0.57735027 0.57735027 0.57735027 38.21321070 0.00708751 0.00000000 1.00000000 
-0.19245009 0.19245009 0.96225045 43.57357860 1.00000000 0.00000000 0.58757526 
-0.48507125 0.48507125 0.72760688 49.22719531 0.50011535 0.00000000 1.00000000 
-0.19245009 0.19245009 0.96225045 43.57357860 1.00000000 0.00000000 0.58757526 
-0.48507125 0.48507125 0.72760688 49.22719531 0.50011535 0.00000000 1.00000000 
-0.19245009 0.19245009 0.96225045 43.57357860 1.00000000 0.00000000 0.58757526 
-0.48507125 0.48507125 0.72760688 49.22719531 0.50011535 0.00000000 1.00000000 
-0.57735027 0.57735027 0.57735027 43.57357860 0.00708751 0.00000000 1.00000000 
-0.57735027 0.57735027 0.57735027 60.00000000 0.00708751 0.00000000 1.00000000 
-0.30151134 0.30151134 0.90453403 33.55730976 0.99999988 0.00000002 0.88516400 
-0.37139068 0.00000000 0.92847669 45.00292296 0.99999991 0.88075574 0.00000002 
-0.70710678 -0.00000000 0.70710678 50.47880364 0.00000000 1.00000000 0.01108044 
-0.70710678 -0.00000000 0.70710678 38.94244127 0.00000000 1.00000000 0.01108044 
-0.37139068 -0.00000000 0.92847669 45.00292296 0.99999991 0.88075574 0.00000002 
-0.70710678 0.00000000 0.70710678 38.94244127 0.00000000 1.00000000 0.01108044 
-0.37139068 -0.00000000 0.92847669 45.00292296 0.99999991 0.88075574 0.00000002 
-0.70710678 -0.00000000 0.70710678 50.47880364 0.00000000 1.00000000 0.01108044 
-0.30151134 0.30151134 0.90453403 33.55730976 0.99999988 0.00000002 0.88516400 
-0.00000000 0.00000000 1.00000000 11.42118627 1.00000000 0.00000000 0.00000000 
-0.00000000 0.00000000 1.00000000 11.42118627 1.00000000 0.00000000 0.00000000 
-0.70710678 0.00000000 0.70710678 16.09893395 0.00000000 1.00000000 0.01108044 
-0.57735027 0.57735027 0.57735027 60.00000000 0.00708751 0.00000000 1.00000000 
-0.66666667 0.33333333 0.66666667 61.92751306 0.00000000 0.87216704 1.00000000 
-0.70710678 0.00000000 0.70710678 22.84350732 0.00000000 1.00000000 0.01108044 
-0.70710678 0.00000000 0.70710678 22.84350732 0.00000000 1.00000000 0.01108044 
-0.57735027 0.57735027 0.57735027 60.00000000 0.00708751 0.00000000 1.00000000 
-0.66666667 0.33333333 0.66666667 61.92751306 0.00000000 0.87216704 1.00000000 
-0.70710678 0.00000000 0.70710678 16.09893395 0.00000000 1.00000000 0.01108044 
-0.14002801 0.14002801 0.98019606 45.57299600 1.00000000 0.00000000 0.42796353 
-0.44721360 -0.00000000 0.89442719 48.18968510 0.96536593 1.00000000 0.00000000 
-0.36514837 0.18257419 0.91287093 40.11916690 0.32922149 0.19498857 0.23659077 
-0.00000000 0.00000000 1.00000000 36.86989765 1.00000000 0.00000000 0.00000000 
-0.44721360 -0.00000000 0.89442719 48.18968510 0.96536593 1.00000000 0.00000000 
-0.70014004 0.14002801 0.70014004 45.57299600 0.00000000 1.00000000 0.65122152 
-0.14002801 0.14002801 0.98019606 45.57299600 1.00000000 0.00000000 0.42796353 
-0.70710678 0.00000000 0.70710678 22.84350732 0.00000000 1.00000000 0.01108044 
-0.44721360 0.00000000 0.89442719 48.18968510 0.96536593 1.00000000 0.00000000 
-0.36514837 0.18257419 0.91287093 40.11916690 0.32922149 0.19498857 0.23659077 
-0.57735027 0.57735027 0.57735027 60.00000000 0.00708751 0.00000000 1.00000000 
0.00000000 0.00000000 1.00000000 36.86989765 1.00000000 0.00000000 0.00000000 
-0.66666667 0.33333333 0.66666667 61.92751306 0.00000000 0.87216704 1.00000000 
-0.70014004 0.14002801 0.70014004 45.57299600 0.00000000 1.00000000 0.65122152 
-0.70710678 0.00000000 0.70710678 16.09893395 0.00000000 1.00000000 0.01108044 
-0.44721360 0.00000000 0.89442719 48.18968510 0.96536593 1.00000000 0.00000000 
-0.70710678 -0.00000000 0.70710678 16.09893395 0.00000000 1.00000000 0.01108044 
-0.70710678 -0.00000000 0.70710678 22.84350732 0.00000000 1.00000000 0.01108044 
-0.70710678 -0.00000000 0.70710678 22.84350732 0.00000000 1.00000000 0.01108044 
-0.14002801 0.14002801 0.98019606 45.57299600 1.00000000 0.00000000 0.42796353 
-0.36514837 0.18257419 0.91287093 40.11916690 0.32922149 0.19498857 0.23659077 
-0.66666667 0.33333333 0.66666667 61.92751306 0.00000000 0.87216704 1.00000000 
-0.70710678 0.00000000 0.70710678 16.09893395 0.00000000 1.00000000 0.01108044 
-0.70014004 0.14002801 0.70014004 45.57299600 0.00000000 1.00000000 0.65122152 
-0.65094455 0.39056673 0.65094455 44.02409402 0.00000000 0.73434209 1.00000000 
-0.40824829 0.40824829 0.81649658 34.04773237 0.79757403 0.00000000 1.00000000 
-0.57735027 0.57735027 0.57735027 60.00000000 0.00708751 0.00000000 1.00000000 
-0.40824829 0.40824829 0.81649658 44.41530860 0.79757403 0.00000000 1.00000000 
-0.00000000 0.00000000 1.00000000 36.86989765 1.00000000 0.00000000 0.00000000 
-0.62469505 0.00000000 0.78086881 52.44492075 0.41843023 1.00000000 0.00000000 
-0.40824829 0.40824829 0.81649658 34.04773237 0.79757403 0.00000000 1.00000000 
-0.57735027 0.57735027 0.57735027 60.00000000 0.00708751 0.00000000 1.00000000 
-0.44721360 -0.00000000 0.89442719 48.18968510 0.96536593 1.00000000 0.00000000 
-0.57735027 0.57735027 0.57735027 38.21321070 0.00708751 0.00000000 1.00000000 
-0.62469505 -0.00000000 0.78086881 52.44492075 0.41843023 1.00000000 0.00000000 
-0.40824829 0.40824829 0.81649658 34.04773237 0.79757403 0.00000000 1.00000000 
-0.65094455 0.39056673 0.65094455 44.02409402 0.00000000 0.73434209 1.00000000 
-0.40824829 0.40824829 0.81649658 34.04773237 0.79757403 0.00000000 1.00000000 
-0.00000000 0.00000000 1.00000000 31.89079180 1.00000000 0.00000000 0.00000000 
-0.00000000 0.00000000 1.00000000 33.39848847 1.00000000 0.00000000 0.00000000 
-0.00000000 0.00000000 1.00000000 33.39848847 1.00000000 0.00000000 0.00000000 
-0.57735027 0.57735027 0.57735027 9.43000791 0.00708751 0.00000000 1.00000000 
-0.57735027 0.57735027 0.57735027 50.56999209 0.00708751 0.00000000 1.00000000 
-0.57735027 0.57735027 0.57735027 60.00000000 0.00708751 0.00000000 1.00000000 
-0.57735027 0.57735027 0.57735027 50.56999209 0.00708751 0.00000000 1.00000000 
-0.57735027 0.57735027 0.57735027 9.43000791 0.00708751 0.00000000 1.00000000 
-0.57735027 0.57735027 0.57735027 60.00000000 0.00708751 0.00000000 1.00000000 
-0.57735027 0.57735027 0.57735027 9.43000791 0.00708751 0.00000000 1.00000000 
-0.57735027 0.57735027 0.57735027 50.56999209 0.00708751 0.00000000 1.00000000 
