axis-angle 
388 
0.00000000 0.00000000 1.00000000 36.86989765 
-0.00000000 -0.00000000 1.00000000 36.86989765 
-0.57735027 0.57735027 0.57735027 60.00000000 
-0.57735027 0.57735027 0.57735027 60.00000000 
-0.57735027 0.57735027 0.57735027 60.00000000 
-0.00000000 0.00000000 1.00000000 36.86989765 
0.00000000 0.00000000 1.00000000 22.61986495 
-0.00000000 -0.00000000 1.00000000 22.61986495 
-0.44721360 0.00000000 0.89442719 48.18968510 
-0.00000000 0.00000000 1.00000000 36.86989765 
-0.57735027 0.57735027 0.57735027 60.00000000 
-0.44721360 0.00000000 0.89442719 48.18968510 
-0.57735027 0.57735027 0.57735027 60.00000000 
-0.44721360 0.00000000 0.89442719 48.18968510 
-0.00000000 0.00000000 1.00000000 36.86989765 
-0.00000000 0.00000000 1.00000000 28.07248694 
-0.00000000 0.00000000 1.00000000 28.07248694 
-0.57735027 0.57735027 0.57735027 60.00000000 
-0.70710678 0.00000000 0.70710678 38.94244127 
-0.57735027 0.57735027 0.57735027 60.00000000 
-0.70710678 0.00000000 0.70710678 38.94244127 
-0.70710678 -0.00000000 0.70710678 38.94244127 
-0.70710678 0.00000000 0.70710678 38.94244127 
-0.70710678 0.00000000 0.70710678 38.94244127 
-0.57735027 0.57735027 0.57735027 21.78678930 
-0.57735027 0.57735027 0.57735027 38.21321070 
-0.57735027 0.57735027 0.57735027 60.00000000 
-0.57735027 0.57735027 0.57735027 38.21321070 
-0.57735027 0.57735027 0.57735027 21.78678930 
-0.57735027 0.57735027 0.57735027 60.00000000 
-0.57735027 0.57735027 0.57735027 21.78678930 
-0.57735027 0.57735027 0.57735027 38.21321070 
-0.70710678 0.00000000 0.70710678 50.47880364 
-0.70710678 0.00000000 0.70710678 50.47880364 
-0.70710678 -0.00000000 0.70710678 50.47880364 
0.00000000 0.00000000 1.00000000 16.26020471 
-0.00000000 0.00000000 1.00000000 36.86989765 
-0.44721360 0.00000000 0.89442719 48.18968510 
-0.00000000 -0.00000000 1.00000000 16.26020471 
-0.00000000 0.00000000 1.00000000 22.61986495 
-0.00000000 0.00000000 1.00000000 43.60281897 
-0.00000000 0.00000000 1.00000000 43.60281897 
-0.30151134 0.30151134 0.90453403 33.55730976 
-0.70710678 0.00000000 0.70710678 50.47880364 
-0.57735027 0.57735027 0.57735027 60.00000000 
-0.30151134 0.30151134 0.90453403 33.55730976 
-0.57735027 0.57735027 0.57735027 60.00000000 
-0.30151134 0.30151134 0.90453403 33.55730976 
-0.70710678 0.00000000 0.70710678 50.47880364 
-0.66666667 0.33333333 0.66666667 61.92751306 
-0.66666667 0.33333333 0.66666667 61.92751306 
0.00000000 0.00000000 1.00000000 28.07248694 
-0.66666667 0.33333333 0.66666667 61.92751306 
-0.68824720 0.22941573 0.68824720 43.23323481 
-0.00000000 -0.00000000 1.00000000 36.86989765 
-0.57735027 0.57735027 0.57735027 38.21321070 
-0.68824720 0.22941573 0.68824720 43.23323481 
-0.57735027 0.57735027 0.57735027 38.21321070 
-0.68824720 0.22941573 0.68824720 43.23323481 
-0.00000000 0.00000000 1.00000000 36.86989765 
-0.00000000 0.00000000 1.00000000 18.92464442 
-0.00000000 0.00000000 1.00000000 18.92464442 
-0.70710678 -0.00000000 0.70710678 26.52535202 
-0.70710678 0.00000000 0.70710678 26.52535202 
-0.70710678 0.00000000 0.70710678 26.52535202 
-0.57735027 0.57735027 0.57735027 32.20422750 
-0.57735027 0.57735027 0.57735027 27.79577250 
-0.57735027 0.57735027 0.57735027 60.00000000 
-0.57735027 0.57735027 0.57735027 27.79577250 
-0.57735027 0.57735027 0.57735027 32.20422750 
-0.57735027 0.57735027 0.57735027 60.00000000 
-0.57735027 0.57735027 0.57735027 32.20422750 
-0.57735027 0.57735027 0.57735027 27.79577250 
0.00000000 0.00000000 1.00000000 12.68038349 
-0.00000000 -0.00000000 1.00000000 12.68038349 
-0.40824829 0.40824829 0.81649658 44.41530860 
-0.57735027 0.57735027 0.57735027 38.21321070 
-0.57735027 0.57735027 0.57735027 60.00000000 
-0.40824829 0.40824829 0.81649658 44.41530860 
-0.57735027 0.57735027 0.57735027 60.00000000 
-0.40824829 0.40824829 0.81649658 44.41530860 
-0.57735027 0.57735027 0.57735027 38.21321070 
-0.44721360 0.00000000 0.89442719 48.18968510 
-0.57735027 0.57735027 0.57735027 60.00000000 
-0.66666667 0.33333333 0.66666667 53.13010235 
-0.30151134 0.30151134 0.90453403 28.62455095 
-0.70710678 0.00000000 0.70710678 38.94244127 
-0.44721360 0.00000000 0.89442719 48.18968510 
-0.57735027 0.57735027 0.57735027 60.00000000 
-0.70710678 0.00000000 0.70710678 38.94244127 
-0.66666667 0.33333333 0.66666667 36.86989765 
-0.00000000 -0.00000000 1.00000000 36.86989765 
-0.70710678 -0.00000000 0.70710678 38.94244127 
-0.30151134 0.30151134 0.90453403 28.62455095 
-0.66666667 0.33333333 0.66666667 53.13010235 
-0.70710678 0.00000000 0.70710678 38.94244127 
-0.44721360 0.00000000 0.89442719 48.18968510 
-0.30151134 0.30151134 0.90453403 28.62455095 
-0.66666667 0.33333333 0.66666667 53.13010235 
-0.66666667 0.33333333 0.66666667 36.86989765 
-0.00000000 0.00000000 1.00000000 36.86989765 
-0.00000000 0.00000000 1.00000000 36.86989765 
-0.00000000 0.00000000 1.00000000 16.26020471 
-0.68824720 0.22941573 0.68824720 51.68386553 
-0.68824720 0.22941573 0.68824720 51.68386553 
-0.68824720 0.22941573 0.68824720 51.68386553 
-0.68824720 0.22941573 0.68824720 51.68386553 
-0.00000000 0.00000000 1.00000000 36.86989765 
-0.68824720 0.22941573 0.68824720 51.68386553 
-0.00000000 0.00000000 1.00000000 16.26020471 
-0.68824720 0.22941573 0.68824720 51.68386553 
-0.00000000 0.00000000 1.00000000 31.89079180 
-0.00000000 0.00000000 1.00000000 31.89079180 
-0.70710678 0.00000000 0.70710678 31.58633810 
-0.70710678 0.00000000 0.70710678 38.94244127 
-0.57735027 0.57735027 0.57735027 60.00000000 
-0.70710678 0.00000000 0.70710678 31.58633810 
-0.70710678 0.00000000 0.70710678 38.94244127 
-0.57735027 0.57735027 0.57735027 60.00000000 
-0.44721360 -0.00000000 0.89442719 35.43094469 
-0.70710678 -0.00000000 0.70710678 38.94244127 
-0.44721360 -0.00000000 0.89442719 35.43094469 
-0.70710678 -0.00000000 0.70710678 38.94244127 
-0.44721360 0.00000000 0.89442719 35.43094469 
-0.70710678 0.00000000 0.70710678 31.58633810 
-0.70710678 0.00000000 0.70710678 38.94244127 
-0.57735027 0.57735027 0.57735027 60.00000000 
-0.70710678 0.00000000 0.70710678 38.94244127 
-0.70710678 0.00000000 0.70710678 31.58633810 
-0.44721360 0.00000000 0.89442719 35.43094469 
-0.44721360 0.00000000 0.89442719 35.43094469 
-0.70710678 0.00000000 0.70710678 31.58633810 
-0.31622777 0.00000000 0.94868330 35.09680123 
-0.70710678 0.00000000 0.70710678 50.47880364 
-0.00000000 0.00000000 1.00000000 36.86989765 
-0.31622777 0.00000000 0.94868330 35.09680123 
-0.00000000 -0.00000000 1.00000000 36.86989765 
-0.31622777 0.00000000 0.94868330 35.09680123 
-0.70710678 -0.00000000 0.70710678 50.47880364 
-0.57735027 0.57735027 0.57735027 13.17355111 
-0.57735027 0.57735027 0.57735027 46.82644889 
-0.57735027 0.57735027 0.57735027 60.00000000 
-0.57735027 0.57735027 0.57735027 46.82644889 
-0.57735027 0.57735027 0.57735027 13.17355111 
-0.57735027 0.57735027 0.57735027 60.00000000 
-0.57735027 0.57735027 0.57735027 13.17355111 
-0.57735027 0.57735027 0.57735027 46.82644889 
0.00000000 0.00000000 1.00000000 43.60281897 
0.00000000 0.00000000 1.00000000 10.38885782 
-0.00000000 -0.00000000 1.00000000 10.38885782 
0.00000000 0.00000000 1.00000000 30.51023741 
-0.00000000 0.00000000 1.00000000 22.61986495 
-0.00000000 0.00000000 1.00000000 36.86989765 
-0.00000000 0.00000000 1.00000000 14.25003270 
-0.00000000 -0.00000000 1.00000000 30.51023741 
-0.00000000 0.00000000 1.00000000 14.25003270 
-0.70710678 -0.00000000 0.70710678 20.04997572 
-0.70710678 -0.00000000 0.70710678 50.47880364 
-0.57735027 0.57735027 0.57735027 60.00000000 
-0.70710678 -0.00000000 0.70710678 58.99241699 
-0.70710678 0.00000000 0.70710678 20.04997572 
-0.70710678 0.00000000 0.70710678 50.47880364 
-0.57735027 0.57735027 0.57735027 60.00000000 
-0.70710678 0.00000000 0.70710678 58.99241699 
-0.70710678 0.00000000 0.70710678 20.04997572 
-0.70710678 -0.00000000 0.70710678 58.99241699 
-0.40824829 0.40824829 0.81649658 34.04773237 
-0.57735027 0.57735027 0.57735027 38.21321070 
-0.00000000 0.00000000 1.00000000 36.86989765 
-0.40824829 0.40824829 0.81649658 34.04773237 
-0.00000000 0.00000000 1.00000000 36.86989765 
-0.40824829 0.40824829 0.81649658 34.04773237 
-0.57735027 0.57735027 0.57735027 38.21321070 
-0.44721360 -0.00000000 0.89442719 48.18968510 
-0.40824829 0.40824829 0.81649658 44.41530860 
-0.65094455 0.39056673 0.65094455 44.02409402 
-0.57735027 0.57735027 0.57735027 60.00000000 
-0.57735027 0.57735027 0.57735027 60.00000000 
-0.62469505 -0.00000000 0.78086881 52.44492075 
-0.44721360 0.00000000 0.89442719 22.98091981 
-0.30151134 0.30151134 0.90453403 28.62455095 
-0.50709255 0.16903085 0.84515425 19.18813645 
-0.70710678 -0.00000000 0.70710678 38.94244127 
-0.19245009 0.19245009 0.96225045 38.21321070 
-0.66666667 0.33333333 0.66666667 53.13010235 
-0.44721360 -0.00000000 0.89442719 48.18968510 
-0.65094455 0.39056673 0.65094455 44.02409402 
-0.40824829 0.40824829 0.81649658 44.41530860 
-0.57735027 0.57735027 0.57735027 60.00000000 
-0.44721360 -0.00000000 0.89442719 22.98091981 
-0.40824829 0.40824829 0.81649658 34.04773237 
-0.30151134 0.30151134 0.90453403 28.62455095 
-0.70710678 0.00000000 0.70710678 38.94244127 
-0.57735027 0.57735027 0.57735027 38.21321070 
-0.50709255 0.16903085 0.84515425 19.18813645 
-0.00000000 0.00000000 1.00000000 36.86989765 
-0.44721360 -0.00000000 0.89442719 48.18968510 
-0.62469505 0.00000000 0.78086881 52.44492075 
-0.40824829 0.40824829 0.81649658 44.41530860 
-0.57735027 0.57735027 0.57735027 60.00000000 
-0.19245009 0.19245009 0.96225045 38.21321070 
-0.40824829 0.40824829 0.81649658 34.04773237 
-0.66666667 0.33333333 0.66666667 53.13010235 
-0.40824829 0.40824829 0.81649658 34.04773237 
-0.44721360 -0.00000000 0.89442719 22.98091981 
-0.50709255 0.16903085 0.84515425 19.18813645 
-0.57735027 0.57735027 0.57735027 38.21321070 
-0.40824829 0.40824829 0.81649658 44.41530860 
-0.65094455 0.39056673 0.65094455 44.02409402 
-0.40824829 0.40824829 0.81649658 34.04773237 
-0.19245009 0.19245009 0.96225045 38.21321070 
-0.40824829 0.40824829 0.81649658 44.41530860 
-0.62469505 0.00000000 0.78086881 52.44492075 
-0.00000000 0.00000000 1.00000000 41.11209044 
-0.00000000 0.00000000 1.00000000 41.11209044 
0.00000000 0.00000000 1.00000000 18.92464442 
-0.31622777 0.00000000 0.94868330 29.52626525 
-0.40824829 0.40824829 0.81649658 34.04773237 
-0.40824829 0.40824829 0.81649658 38.57265082 
-0.57735027 0.57735027 0.57735027 38.21321070 
-0.70710678 -0.00000000 0.70710678 50.47880364 
-0.00000000 -0.00000000 1.00000000 36.86989765 
-0.49827288 0.24913644 0.83045480 51.43686513 
-0.68824720 0.22941573 0.68824720 28.76231219 
-0.40824829 0.40824829 0.81649658 34.04773237 
-0.70014004 0.14002801 0.70014004 57.56356279 
-0.31622777 -0.00000000 0.94868330 29.52626525 
-0.40824829 0.40824829 0.81649658 38.57265082 
-0.49827288 0.24913644 0.83045480 51.43686513 
-0.70710678 -0.00000000 0.70710678 50.47880364 
-0.68824720 0.22941573 0.68824720 28.76231219 
-0.70014004 0.14002801 0.70014004 57.56356279 
-0.40824829 0.40824829 0.81649658 38.57265082 
-0.40824829 0.40824829 0.81649658 34.04773237 
-0.31622777 0.00000000 0.94868330 29.52626525 
-0.70710678 0.00000000 0.70710678 50.47880364 
-0.00000000 0.00000000 1.00000000 36.86989765 
-0.49827288 0.24913644 0.83045480 51.43686513 
-0.57735027 0.57735027 0.57735027 38.21321070 
-0.70014004 0.14002801 0.70014004 57.56356279 
-0.68824720 0.22941573 0.68824720 28.76231219 
-0.40824829 0.40824829 0.81649658 34.04773237 
-0.70710678 0.00000000 0.70710678 55.87670546 
-0.70710678 -0.00000000 0.70710678 55.87670546 
-0.00000000 0.00000000 1.00000000 12.68038349 
-0.70710678 0.00000000 0.70710678 55.87670546 
-0.00000000 0.00000000 1.00000000 8.79741071 
-0.00000000 0.00000000 1.00000000 28.07248694 
-0.00000000 0.00000000 1.00000000 36.86989765 
-0.00000000 0.00000000 1.00000000 25.05761542 
-0.00000000 -0.00000000 1.00000000 8.79741071 
-0.00000000 0.00000000 1.00000000 25.05761542 
-0.63960215 0.42640143 0.63960215 60.76635998 
-0.63960215 0.42640143 0.63960215 60.76635998 
-0.63960215 0.42640143 0.63960215 60.76635998 
-0.40824829 0.40824829 0.81649658 30.45031402 
-0.66666667 0.33333333 0.66666667 46.39718103 
-0.57735027 0.57735027 0.57735027 60.00000000 
-0.66666667 0.33333333 0.66666667 46.39718103 
-0.40824829 0.40824829 0.81649658 30.45031402 
-0.57735027 0.57735027 0.57735027 60.00000000 
-0.40824829 0.40824829 0.81649658 30.45031402 
-0.66666667 0.33333333 0.66666667 46.39718103 
-0.00000000 0.00000000 1.00000000 25.98923358 
-0.00000000 -0.00000000 1.00000000 25.98923358 
-0.44721360 -0.00000000 0.89442719 48.18968510 
-0.57735027 0.57735027 0.57735027 60.00000000 
-0.66666667 0.33333333 0.66666667 36.86989765 
-0.70710678 -0.00000000 0.70710678 38.94244127 
-0.00000000 0.00000000 1.00000000 36.86989765 
-0.70710678 0.00000000 0.70710678 38.94244127 
-0.30151134 0.30151134 0.90453403 28.62455095 
-0.70710678 -0.00000000 0.70710678 38.94244127 
-0.66666667 0.33333333 0.66666667 53.13010235 
-0.66666667 0.33333333 0.66666667 36.86989765 
-0.70710678 -0.00000000 0.70710678 38.94244127 
-0.55470020 0.00000000 0.83205029 31.00271913 
-0.00000000 0.00000000 1.00000000 22.61986495 
-0.57735027 0.57735027 0.57735027 38.21321070 
-0.55470020 0.00000000 0.83205029 31.00271913 
-0.57735027 0.57735027 0.57735027 38.21321070 
-0.55470020 -0.00000000 0.83205029 31.00271913 
-0.00000000 0.00000000 1.00000000 22.61986495 
-0.57735027 0.57735027 0.57735027 42.10344887 
-0.57735027 0.57735027 0.57735027 17.89655113 
-0.57735027 0.57735027 0.57735027 60.00000000 
-0.57735027 0.57735027 0.57735027 17.89655113 
-0.57735027 0.57735027 0.57735027 42.10344887 
-0.57735027 0.57735027 0.57735027 60.00000000 
-0.57735027 0.57735027 0.57735027 42.10344887 
-0.57735027 0.57735027 0.57735027 17.89655113 
-0.68824720 0.22941573 0.68824720 25.84193276 
-0.70710678 -0.00000000 0.70710678 26.52535202 
-0.00000000 0.00000000 1.00000000 36.86989765 
-0.68824720 0.22941573 0.68824720 25.84193276 
-0.00000000 0.00000000 1.00000000 36.86989765 
-0.68824720 0.22941573 0.68824720 25.84193276 
-0.70710678 0.00000000 0.70710678 26.52535202 
0.00000000 0.00000000 1.00000000 42.07502205 
-0.00000000 -0.00000000 1.00000000 42.07502205 
-0.57735027 0.57735027 0.57735027 38.21321070 
-0.48507125 0.48507125 0.72760688 49.22719531 
-0.57735027 0.57735027 0.57735027 43.57357860 
-0.19245009 0.19245009 0.96225045 43.57357860 
-0.19245009 0.19245009 0.96225045 43.57357860 
-0.48507125 0.48507125 0.72760688 49.22719531 
-0.48507125 0.48507125 0.72760688 49.22719531 
-0.57735027 0.57735027 0.57735027 38.21321070 
-0.57735027 0.57735027 0.57735027 43.57357860 
-0.48507125 0.48507125 0.72760688 49.22719531 
-0.19245009 0.19245009 0.96225045 43.57357860 
-0.57735027 0.57735027 0.57735027 38.21321070 
-0.19245009 0.19245009 0.96225045 43.57357860 
-0.48507125 0.48507125 0.72760688 49.22719531 
-0.19245009 0.19245009 0.96225045 43.57357860 
-0.48507125 0.48507125 0.72760688 49.22719531 
-0.19245009 0.19245009 0.96225045 43.57357860 
-0.48507125 0.48507125 0.72760688 49.22719531 
-0.57735027 0.57735027 0.57735027 43.57357860 
-0.57735027 0.57735027 0.57735027 60.00000000 
-0.30151134 0.30151134 0.90453403 33.55730976 
-0.37139068 0.00000000 0.92847669 45.00292296 
-0.70710678 -0.00000000 0.70710678 50.47880364 
-0.70710678 -0.00000000 0.70710678 38.94244127 
-0.37139068 -0.00000000 0.92847669 45.00292296 
-0.70710678 0.00000000 0.70710678 38.94244127 
-0.37139068 -0.00000000 0.92847669 45.00292296 
-0.70710678 -0.00000000 0.70710678 50.47880364 
-0.30151134 0.30151134 0.90453403 33.55730976 
-0.00000000 0.00000000 1.00000000 11.42118627 
-0.00000000 0.00000000 1.00000000 11.42118627 
-0.70710678 0.00000000 0.70710678 16.09893395 
-0.57735027 0.57735027 0.57735027 60.00000000 
-0.66666667 0.33333333 0.66666667 61.92751306 
-0.70710678 0.00000000 0.70710678 22.84350732 
-0.70710678 0.00000000 0.70710678 22.84350732 
-0.57735027 0.57735027 0.57735027 60.00000000 
-0.66666667 0.33333333 0.66666667 61.92751306 
-0.70710678 0.00000000 0.70710678 16.09893395 
-0.14002801 0.14002801 0.98019606 45.57299600 
-0.44721360 -0.00000000 0.89442719 48.18968510 
-0.36514837 0.18257419 0.91287093 40.11916690 
-0.00000000 0.00000000 1.00000000 36.86989765 
-0.44721360 -0.00000000 0.89442719 48.18968510 
-0.70014004 0.14002801 0.70014004 45.57299600 
-0.14002801 0.14002801 0.98019606 45.57299600 
-0.70710678 0.00000000 0.70710678 22.84350732 
-0.44721360 0.00000000 0.89442719 48.18968510 
-0.36514837 0.18257419 0.91287093 40.11916690 
-0.57735027 0.57735027 0.57735027 60.00000000 
0.00000000 0.00000000 1.00000000 36.86989765 
-0.66666667 0.33333333 0.66666667 61.92751306 
-0.70014004 0.14002801 0.70014004 45.57299600 
-0.70710678 0.00000000 0.70710678 16.09893395 
-0.44721360 0.00000000 0.89442719 48.18968510 
-0.70710678 -0.00000000 0.70710678 16.09893395 
-0.70710678 -0.00000000 0.70710678 22.84350732 
-0.70710678 -0.00000000 0.70710678 22.84350732 
-0.14002801 0.14002801 0.98019606 45.57299600 
-0.36514837 0.18257419 0.91287093 40.11916690 
-0.66666667 0.33333333 0.66666667 61.92751306 
-0.70710678 0.00000000 0.70710678 16.09893395 
-0.70014004 0.14002801 0.70014004 45.57299600 
-0.65094455 0.39056673 0.65094455 44.02409402 
-0.40824829 0.40824829 0.81649658 34.04773237 
-0.57735027 0.57735027 0.57735027 60.00000000 
-0.40824829 0.40824829 0.81649658 44.41530860 
-0.00000000 0.00000000 1.00000000 36.86989765 
-0.62469505 0.00000000 0.78086881 52.44492075 
-0.40824829 0.40824829 0.81649658 34.04773237 
-0.57735027 0.57735027 0.57735027 60.00000000 
-0.44721360 -0.00000000 0.89442719 48.18968510 
-0.57735027 0.57735027 0.57735027 38.21321070 
-0.62469505 -0.00000000 0.78086881 52.44492075 
-0.40824829 0.40824829 0.81649658 34.04773237 
-0.65094455 0.39056673 0.65094455 44.02409402 
-0.40824829 0.40824829 0.81649658 34.04773237 
-0.00000000 0.00000000 1.00000000 31.89079180 
-0.00000000 0.00000000 1.00000000 33.39848847 
-0.00000000 0.00000000 1.00000000 33.39848847 
-0.57735027 0.57735027 0.57735027 9.43000791 
-0.57735027 0.57735027 0.57735027 50.56999209 
-0.57735027 0.57735027 0.57735027 60.00000000 
-0.57735027 0.57735027 0.57735027 50.56999209 
-0.57735027 0.57735027 0.57735027 9.43000791 
-0.57735027 0.57735027 0.57735027 60.00000000 
-0.57735027 0.57735027 0.57735027 9.43000791 
-0.57735027 0.57735027 0.57735027 50.56999209 
