1.460556602478027344e+01 -2.674645662307739258e+00
2.389207839965820312e+01 -1.210660934448242188e+01
2.848353147506713867e+00 1.902158546447753906e+01
1.150977134704589844e+01 1.353687191009521484e+01
-7.680523872375488281e+00 7.808124065399169922e+00
1.179374504089355469e+01 1.095933198928833008e+00
1.869132041931152344e+01 -5.127708435058593750e+00
2.272801780700683594e+01 -1.100794410705566406e+01
1.457989215850830078e+01 2.795354366302490234e+00
-1.812334632873535156e+01 -8.849557876586914062e+00
-2.555510520935058594e+00 -6.048097133636474609e+00
-1.583862209320068359e+01 -9.152302742004394531e+00
-1.654163599014282227e+00 -8.714507102966308594e+00
-1.829596138000488281e+01 4.976690292358398438e+00
-9.389840126037597656e+00 -1.734067678451538086e+00
1.008340072631835938e+01 2.997425079345703125e+00
2.183232307434082031e+01 -1.213734340667724609e+01
-1.288636779785156250e+01 -1.377613067626953125e+01
5.610649108886718750e+00 1.404542922973632812e+01
-1.511502170562744141e+01 -1.361822605133056641e+01
1.706710815429687500e+01 -9.410213232040405273e-01
-7.838294506072998047e+00 1.335880851745605469e+01
2.238681554794311523e+00 -3.529126644134521484e+00
-4.036702156066894531e+00 1.051534938812255859e+01
8.236371994018554688e+00 9.105566978454589844e+00
-1.028595066070556641e+01 7.671777725219726562e+00
-4.373030185699462891e+00 6.262412071228027344e+00
1.026708698272705078e+01 1.071514701843261719e+01
-1.224812889099121094e+01 7.728271961212158203e+00
-1.698409795761108398e+00 6.068809986114501953e+00
-6.400916576385498047e-01 2.018959426879882812e+01
6.961086392402648926e-01 1.912880325317382812e+01
1.578189849853515625e+01 5.208559036254882812e+00
4.628584384918212891e+00 1.640376663208007812e+01
-6.270699501037597656e+00 9.753087997436523438e+00
1.954294967651367188e+01 -6.688846111297607422e+00
5.802599906921386719e+00 -7.411736011505126953e+00
4.044962882995605469e+00 -1.963443946838378906e+01
2.203994178771972656e+01 -1.056300735473632812e+01
8.894849777221679688e+00 4.156902790069580078e+00
1.285395431518554688e+01 -5.100220441818237305e-01
2.382636260986328125e+01 -1.308104419708251953e+01
1.165888786315917969e+01 4.942518711090087891e+00
-1.308824062347412109e+01 -8.052319526672363281e+00
-1.515881156921386719e+01 -5.871792316436767578e+00
-1.865662002563476562e+01 -7.404784202575683594e+00
-3.657663106918334961e+00 -6.231128692626953125e+00
-7.900130271911621094e+00 -1.437668085098266602e+00
-1.958884048461914062e+01 4.414811611175537109e+00
7.094588756561279297e+00 1.689292144775390625e+01
5.379812240600585938e+00 1.787759780883789062e+01
1.734269142150878906e+01 -4.209750652313232422e+00
-8.228555679321289062e+00 6.552115917205810547e+00
7.080277442932128906e+00 1.430582809448242188e+01
-8.927122116088867188e+00 1.518126296997070312e+01
-6.137500762939453125e+00 1.493352890014648438e+01
-2.872616529464721680e+00 -1.142445755004882812e+01
-5.675462245941162109e+00 -1.215241241455078125e+01
-3.102680921554565430e+00 1.450537014007568359e+01
-1.198886680603027344e+01 1.484223461151123047e+01
8.647674560546875000e+00 5.079971313476562500e+00
2.098733901977539062e+01 -1.163945960998535156e+01
6.067216873168945312e+00 1.170127010345458984e+01
1.672226142883300781e+01 -5.698861598968505859e+00
-1.776199340820312500e+00 1.079445075988769531e+01
9.924105644226074219e+00 9.849463462829589844e+00
-1.147526454925537109e+01 7.358050823211669922e+00
-2.562641620635986328e+00 5.971408843994140625e+00
9.063346862792968750e+00 9.676890373229980469e+00
-1.107263088226318359e+01 7.994248867034912109e+00
-3.366971254348754883e+00 6.030949115753173828e+00
5.153639316558837891e-01 2.010758781433105469e+01
-2.109524756669998169e-01 1.960697174072265625e+01
2.002140045166015625e+01 -7.466637611389160156e+00
2.135606765747070312e+01 -1.074935340881347656e+01
1.322100162506103516e+01 6.179836273193359375e+00
-1.751616287231445312e+01 -5.322103977203369141e+00
-5.405176162719726562e+00 -7.359254360198974609e+00
-8.831868171691894531e+00 8.915949463844299316e-01
-2.197459220886230469e+01 4.866436481475830078e+00
-2.088129234313964844e+01 2.969820022583007812e+00
-5.937784194946289062e+00 -2.139447212219238281e+00
-1.293824863433837891e+01 -3.355734586715698242e+00
-8.907745361328125000e+00 -8.711805343627929688e+00
7.655729770660400391e+00 1.556652450561523438e+01
-1.049887561798095703e+01 1.440018844604492188e+01
-2.975743770599365234e+00 1.619958305358886719e+01
-1.632704162597656250e+01 -9.373113632202148438e+00
-1.726761817932128906e+00 -8.252105712890625000e+00
-1.921139907836914062e+01 6.183859825134277344e+00
-4.855527877807617188e+00 4.509038627147674561e-01
-1.193527126312255859e+01 1.943092823028564453e+00
6.476055383682250977e-01 2.319471836090087891e+00
1.070407104492187500e+01 5.314548492431640625e+00
-5.680221557617187500e+00 -9.382032394409179688e+00
-1.533573627471923828e+01 -2.756979942321777344e+00
4.246200084686279297e+00 -8.430936813354492188e+00
-1.025578403472900391e+01 1.219277286529541016e+01
-4.941696166992187500e+00 1.380550765991210938e+01
-5.220093250274658203e+00 1.523963069915771484e+01
-9.455597877502441406e+00 1.570187950134277344e+01
7.057438850402832031e+00 -8.287633895874023438e+00
7.805407524108886719e+00 5.197546482086181641e+00
-1.367390441894531250e+01 -1.572584152221679688e+01
-8.437043190002441406e+00 5.346036911010742188e+00
-1.259155845642089844e+01 -1.243591308593750000e+01
-1.142688083648681641e+01 -1.354866600036621094e+01
-7.309404850006103516e+00 1.696236991882324219e+01
6.538832664489746094e+00 1.591602420806884766e+01
-1.039034938812255859e+01 1.327022457122802734e+01
6.529614925384521484e+00 1.791132926940917969e+01
1.094321060180664062e+01 2.474196910858154297e+00
2.308825683593750000e+01 -1.200177001953125000e+01
1.599785518646240234e+01 -5.044758796691894531e+00
-1.111885929107666016e+01 -1.471675968170166016e+01
-1.118167686462402344e+01 -1.125675582885742188e+01
6.026476383209228516e+00 1.264849376678466797e+01
-8.079033851623535156e+00 1.267788648605346680e+00
-2.238484001159667969e+01 5.752364158630371094e+00
1.597645521163940430e+00 -1.799342918395996094e+01
4.866281509399414062e+00 -1.706418609619140625e+01
4.399361133575439453e+00 -5.262582778930664062e+00
3.510811805725097656e+00 -3.991423845291137695e+00
1.638143539428710938e+01 -1.881574273109436035e+00
3.885221481323242188e+00 -1.738729095458984375e+01
1.561240315437316895e+00 -1.561203575134277344e+01
-3.822403907775878906e+00 -7.053512096405029297e+00
-1.778604316711425781e+01 -7.036139965057373047e+00
1.677922248840332031e+00 -1.450095272064208984e+01
4.790827274322509766e+00 -1.482132720947265625e+01
3.514944314956665039e+00 -4.811248779296875000e+00
-2.565305709838867188e+00 1.078503608703613281e+01
1.569098186492919922e+01 -2.214477062225341797e+00
6.193906784057617188e+00 -1.639626121520996094e+01
9.052228331565856934e-01 -2.001369285583496094e+01
3.012245655059814453e+00 -1.231322193145751953e+01
3.761647224426269531e+00 -1.233255386352539062e+01
2.800315022468566895e-01 -2.011534118652343750e+01
6.280079841613769531e+00 -1.594218635559082031e+01
7.081128597259521484e+00 8.176605224609375000e+00
-9.137021064758300781e+00 7.829388141632080078e+00
-5.926107406616210938e+00 6.859514236450195312e+00
1.147557449340820312e+01 1.168352317810058594e+01
-1.303144073486328125e+01 7.062840461730957031e+00
1.298594951629638672e+01 1.291434955596923828e+01
-1.170859217643737793e+00 2.079408645629882812e+01
1.665370106697082520e+00 1.883767890930175781e+01
1.375846385955810547e+01 -7.736365795135498047e-01
1.973230361938476562e+01 -8.421455383300781250e+00
2.189520454406738281e+01 -9.581612586975097656e+00
1.636554908752441406e+01 -3.997642278671264648e+00
5.506470203399658203e+00 -6.915216445922851562e+00
1.013350486755371094e+01 -1.559606313705444336e+00
8.111143112182617188e+00 6.087288379669189453e+00
2.140798187255859375e+01 -1.278426265716552734e+01
2.274931335449218750e+01 -9.913228034973144531e+00
6.221175670623779297e+00 1.039910984039306641e+01
-8.265148162841796875e+00 4.362456798553466797e-01
-2.290886497497558594e+01 4.832790851593017578e+00
1.511042404174804688e+01 6.902278900146484375e+00
1.811263084411621094e+01 -6.576503753662109375e+00
-1.160530662536621094e+01 -1.446674537658691406e+01
-1.174039840698242188e+01 -1.192942714691162109e+01
3.507553339004516602e+00 1.786167907714843750e+01
-8.705239295959472656e-01 1.058425426483154297e+01
-7.289990901947021484e+00 8.911445617675781250e+00
1.150180244445800781e+01 6.409931659698486328e+00
-4.461970031261444092e-01 -1.503110051155090332e+00
-1.790122222900390625e+01 1.614988565444946289e+00
1.309417724609375000e+00 1.866032004356384277e+00
-1.235238838195800781e+01 2.248925447463989258e+00
9.815964847803115845e-02 -1.691879463195800781e+01
3.495639562606811523e+00 -1.583250713348388672e+01
-1.109317588806152344e+01 -4.518594741821289062e+00
-1.044449615478515625e+01 -6.368958473205566406e+00
-1.652958679199218750e+01 -4.279470443725585938e+00
-6.355658054351806641e+00 -8.314301490783691406e+00
-1.537235641479492188e+01 -5.738556861877441406e+00
-1.280334472656250000e+01 -7.825310230255126953e+00
-1.703942680358886719e+01 2.900366306304931641e+00
8.663095831871032715e-01 -4.329423308372497559e-01
-1.497628879547119141e+01 2.413586378097534180e+00
5.477396965026855469e+00 1.188695430755615234e+00
-1.845610046386718750e+01 -3.680548369884490967e-01
-2.234584569931030273e+00 -1.904096722602844238e+00
-3.428511917591094971e-01 -1.094083499908447266e+01
-7.900094509124755859e+00 -1.107343959808349609e+01
-1.563653373718261719e+01 -1.125490951538085938e+01
-1.637842893600463867e+00 -6.423008441925048828e+00
1.766044044494628906e+01 -5.338602542877197266e+00
5.785927295684814453e+00 -1.868616294860839844e+01
3.295150041580200195e+00 -1.935184860229492188e+01
9.005042314529418945e-01 -1.648162269592285156e+01
3.344136238098144531e+00 -1.625667572021484375e+01
6.357848167419433594e+00 -9.766825675964355469e+00
1.225427722930908203e+01 -3.861220598220825195e+00
-1.952760505676269531e+01 -1.589925646781921387e+00
-3.565592527389526367e+00 -1.058003067970275879e+00
-1.677159881591796875e+01 -4.678079605102539062e+00
-6.319298744201660156e+00 -7.766832828521728516e+00
1.249294948577880859e+01 2.630684137344360352e+00
-1.504647636413574219e+01 -8.970261573791503906e+00
-2.693069219589233398e+00 -1.004614639282226562e+01
3.283730030059814453e+00 3.820838630199432373e-01
-1.403106021881103516e+01 1.832785248756408691e+00
-1.327673721313476562e+01 3.967275381088256836e+00
1.195363998413085938e+01 1.050981807708740234e+01
-1.330109000205993652e+00 -1.134395599365234375e+01
-6.716545104980468750e+00 -1.152567195892333984e+01
-6.999497413635253906e+00 1.464507961273193359e+01
-8.175254821777343750e+00 1.469491958618164062e+01
-1.993755912780761719e+01 -2.977536618709564209e-01
-2.915553092956542969e+00 -3.778347492218017578e+00
1.241620635986328125e+01 2.406096160411834717e-01
2.224466323852539062e+01 -1.355238723754882812e+01
1.916269874572753906e+01 -5.948857784271240234e+00
1.675608062744140625e+01 -3.322767019271850586e+00
3.360419511795043945e+00 -1.873546791076660156e+01
5.216429233551025391e+00 -1.848923492431640625e+01
-1.396663188934326172e+01 -1.101302909851074219e+01
2.137612342834472656e+00 -3.124267816543579102e+00
2.924283266067504883e+00 -8.278486251831054688e+00
2.164081335067749023e+00 -6.665495872497558594e+00
7.240106582641601562e+00 1.173721122741699219e+01
-1.038576793670654297e+01 9.722994804382324219e+00
-4.772407054901123047e+00 1.248253250122070312e+01
-1.348016738891601562e+01 1.830808043479919434e+00
3.000803947448730469e+00 6.320394277572631836e-01
-1.958550262451171875e+01 -2.142633914947509766e+00
-3.721590280532836914e+00 -8.438455462455749512e-01
-1.519998073577880859e+01 -1.937813639640808105e+00
-2.114751100540161133e+00 4.396889686584472656e+00
1.226457786560058594e+01 6.354441642761230469e+00
5.321196317672729492e-01 -7.684027552604675293e-01
-1.740375709533691406e+01 2.520166158676147461e+00
-1.735093688964843750e+01 6.501233100891113281e+00
-1.140246963500976562e+01 5.612554550170898438e-01
-2.000831413269042969e+01 6.421670913696289062e+00
-7.017491817474365234e+00 8.098249435424804688e-01
5.253954410552978516e+00 1.705187797546386719e+01
-2.102342605590820312e+00 1.825899887084960938e+01
-1.399553179740905762e+00 1.823815917968750000e+01
4.083928585052490234e+00 1.732518005371093750e+01
1.544657611846923828e+01 6.195217132568359375e+00
7.144985198974609375e+00 5.925609111785888672e+00
-6.871861457824707031e+00 9.272212028503417969e+00
2.067355155944824219e+01 -8.387606620788574219e+00
6.893682956695556641e+00 -8.842200279235839844e+00
7.797523975372314453e+00 -8.003473281860351562e+00
9.647892951965332031e+00 3.782709360122680664e+00
2.103833389282226562e+01 -9.911427497863769531e+00
2.351181411743164062e+01 -1.094536209106445312e+01
8.495208740234375000e+00 1.616571617126464844e+01
4.214920043945312500e+00 1.851700782775878906e+01
-8.009906768798828125e+00 6.929283618927001953e+00
1.079257488250732422e+01 6.633076667785644531e+00
-1.623261070251464844e+01 -4.086161136627197266e+00
-6.645755290985107422e+00 -8.490807533264160156e+00
8.166135787963867188e+00 1.442904567718505859e+01
-8.280447959899902344e+00 2.185776233673095703e+00
-2.170145797729492188e+01 6.574004173278808594e+00
-2.162573242187500000e+01 2.104756593704223633e+00
-5.495750427246093750e+00 -3.017076253890991211e+00
1.815665245056152344e+01 -4.292222976684570312e+00
2.222816658020019531e+01 -1.160051059722900391e+01
-1.363161087036132812e+01 -3.226399183273315430e+00
-8.372764587402343750e+00 -8.190819740295410156e+00
8.217951774597167969e+00 1.268983364105224609e+01
-3.882700204849243164e+00 1.518920707702636719e+01
-1.084938049316406250e+01 1.533921051025390625e+01
-1.880764007568359375e+01 -1.633906483650207520e+00
-1.395612049102783203e+01 2.646784067153930664e+00
4.268384456634521484e+00 2.529684305191040039e-01
-4.186567783355712891e+00 1.604630053043365479e-01
-4.688266277313232422e+00 -1.240177440643310547e+01
-3.489878416061401367e+00 -1.213186073303222656e+01
1.734875488281250000e+01 -2.720513343811035156e+00
2.130434036254882812e+00 -2.002860069274902344e+01
7.557883739471435547e+00 -1.713873672485351562e+01
-1.517133903503417969e+01 1.472981095314025879e+00
2.759011030197143555e+00 -8.105218410491943359e-01
-1.667969131469726562e+01 3.919052362442016602e+00
6.667718887329101562e-01 6.002463698387145996e-01
1.098977375030517578e+01 1.093487071990966797e+01
-1.243847560882568359e+01 6.988149642944335938e+00
-9.482322335243225098e-01 6.294551849365234375e+00
7.478636264801025391e+00 8.896201133728027344e+00
-9.776575088500976562e+00 8.127790451049804688e+00
-5.111752510070800781e+00 6.532928943634033203e+00
1.399077534675598145e+00 1.982573318481445312e+01
-1.874940842390060425e-01 2.094118499755859375e+01
7.201364517211914062e+00 1.088990116119384766e+01
-5.923431873321533203e+00 1.670665168762207031e+01
-8.592438697814941406e+00 1.729212570190429688e+01
-5.957325458526611328e+00 1.659803199768066406e+01
-8.591419219970703125e+00 1.722397613525390625e+01
-1.904478788375854492e+00 -1.484158325195312500e+01
-1.896528959274291992e+00 -1.477559185028076172e+01
1.375137138366699219e+01 -1.571061849594116211e+00
2.310962677001953125e+01 -1.348836994171142578e+01
2.524438619613647461e+00 -1.678336906433105469e+01
1.349655055999755859e+01 7.829207897186279297e+00
-3.865372180938720703e+00 -3.079032421112060547e+00
-2.003989601135253906e+01 1.555558562278747559e+00
-9.698930740356445312e+00 -3.959970951080322266e+00
-1.905725097656250000e+01 -4.586355209350585938e+00
-6.093192100524902344e+00 -4.736973762512207031e+00
-5.452419281005859375e+00 5.207638740539550781e+00
1.051682376861572266e+01 1.166095733642578125e+01
-2.073425865173339844e+01 5.014297962188720703e+00
-9.902416229248046875e+00 5.139887332916259766e-01
2.904330492019653320e+00 -1.582263112068176270e+00
-1.162933921813964844e+01 -3.834301710128784180e+00
-9.837052345275878906e+00 -7.346087932586669922e+00
-1.910336685180664062e+01 6.014857888221740723e-01
-2.585398435592651367e+00 -2.850586891174316406e+00
1.340110111236572266e+01 1.735488176345825195e+00
-6.257820606231689453e+00 -1.110448074340820312e+01
-1.533601760864257812e+00 -1.191671848297119141e+01
-8.567852020263671875e+00 -6.882649421691894531e+00
-1.247717380523681641e+01 -1.943418025970458984e+00
1.464061355590820312e+01 1.446211457252502441e+00
9.943249225616455078e-01 -1.511983680725097656e+01
-8.366054892539978027e-01 -1.933996200561523438e+01
4.723469257354736328e+00 -1.369207000732421875e+01
1.707079410552978516e+00 -1.320226287841796875e+01
9.740828871726989746e-01 -1.864313697814941406e+01
5.016430377960205078e+00 -1.635623931884765625e+01
3.423736333847045898e+00 -5.891502380371093750e+00
7.364968776702880859e+00 6.619315624237060547e+00
2.051413345336914062e+01 -1.075525569915771484e+01
5.939404964447021484e+00 9.657437324523925781e+00
-1.417239761352539062e+01 -1.445698165893554688e+01
-1.444536781311035156e+01 -1.326973247528076172e+01
1.735152435302734375e+01 -6.370616912841796875e+00
5.774127483367919922e+00 1.098137760162353516e+01
-1.363548469543457031e+01 -1.451031017303466797e+01
-1.396293067932128906e+01 -1.321558666229248047e+01
1.865925025939941406e+01 -7.396128177642822266e+00
3.173321247100830078e+00 -2.037142753601074219e+01
4.894464969635009766e+00 -1.966161155700683594e+01
3.160216808319091797e+00 -6.625786781311035156e+00
4.130521297454833984e+00 -7.197595596313476562e+00
-6.592441558837890625e+00 1.078235721588134766e+01
-5.496379852294921875e+00 1.088573837280273438e+01
1.370342350006103516e+01 6.553242802619934082e-01
-9.602654576301574707e-01 -1.988474845886230469e+01
1.042148876190185547e+01 -5.546606540679931641e+00
-1.281116485595703125e+01 -2.542222976684570312e+00
-8.680245399475097656e+00 -7.516441345214843750e+00
-1.296406364440917969e+01 -1.400463819503784180e+00
-8.064755439758300781e+00 -6.445081710815429688e+00
6.040284633636474609e+00 1.510767841339111328e+01
-4.812290191650390625e+00 1.758427810668945312e+01
4.308295726776123047e+00 1.522864627838134766e+01
-2.279518693685531616e-01 1.074923324584960938e+01
-1.198001384735107422e+00 1.110083293914794922e+01
1.925174713134765625e+00 -1.264572811126708984e+01
1.056255626678466797e+01 -4.074138164520263672e+00
-1.777261924743652344e+01 -8.039295196533203125e+00
-2.906689405441284180e+00 -7.116563320159912109e+00
-5.081190586090087891e+00 -1.461753463745117188e+01
1.644908523559570312e+01 4.167653083801269531e+00
8.995822906494140625e+00 1.357398509979248047e+01
-8.438259124755859375e+00 1.840233325958251953e+00
-2.169414329528808594e+01 6.109699249267578125e+00
-9.373142242431640625e+00 -5.391140460968017578e+00
-1.001357841491699219e+01 -2.673643112182617188e+00
1.500754547119140625e+01 5.352197170257568359e+00
-1.854067993164062500e+01 -6.790024280548095703e+00
-4.126995563507080078e+00 -6.408881187438964844e+00
-1.949337577819824219e+01 2.239039182662963867e+00
-4.141260147094726562e+00 -2.553001165390014648e+00
-1.995018386840820312e+01 4.013638973236083984e+00
-7.396075248718261719e+00 -1.460692524909973145e+00
-5.519335746765136719e+00 -2.884982109069824219e+00
-2.149608230590820312e+01 2.273081779479980469e+00
1.558072376251220703e+01 -3.592743158340454102e+00
1.099559879302978516e+01 1.688392162322998047e+00
2.261124992370605469e+01 -1.261222171783447266e+01
6.336725711822509766e+00 7.934813022613525391e+00
-8.546292304992675781e+00 8.103075981140136719e+00
-6.641765117645263672e+00 7.232895851135253906e+00
1.117743015289306641e+01 1.244408130645751953e+01
-1.328759956359863281e+01 7.480068683624267578e+00
1.243844699859619141e+01 1.334777259826660156e+01
-8.585824966430664062e-01 2.140595436096191406e+01
2.287016630172729492e+00 1.959048652648925781e+01
