-1.666437275707721710e-02 -2.632408523559570312e+01
1.515760707855224609e+01 -3.910010147094726562e+01
-2.877996253967285156e+01 -8.663608551025390625e+00
-1.297670459747314453e+01 -9.729914665222167969e+00
-1.283545207977294922e+01 5.764704227447509766e+00
-5.650746345520019531e+00 -2.381001472473144531e+01
4.356090545654296875e+00 -3.026786231994628906e+01
1.338303852081298828e+01 -3.693891906738281250e+01
-4.324397563934326172e+00 -1.971875953674316406e+01
9.670016288757324219e+00 2.486541938781738281e+01
1.042316913604736328e+01 1.215406775474548340e+00
1.105349445343017578e+01 2.143720054626464844e+01
1.330992889404296875e+01 -2.151462063193321228e-02
-3.602978706359863281e+00 4.849989891052246094e+00
3.180674552917480469e+00 1.018891906738281250e+01
-8.978272438049316406e+00 -2.338990211486816406e+01
1.436901569366455078e+01 -3.769973373413085938e+01
1.854698371887207031e+01 2.255241012573242188e+01
-2.276916694641113281e+01 -1.487056541442871094e+01
1.547894763946533203e+01 2.194251060485839844e+01
4.361423492431640625e+00 -2.439550971984863281e+01
-2.817037391662597656e+01 7.783824443817138672e+00
5.530032157897949219e+00 -5.396631717681884766e+00
-1.829591369628906250e+01 3.040201902389526367e+00
-1.619072723388671875e+01 -1.847862625122070312e+01
-1.253337287902832031e+01 9.555916786193847656e+00
-1.122189140319824219e+01 1.465578973293304443e-01
-1.473878574371337891e+01 -1.462269210815429688e+01
-1.287901592254638672e+01 1.234899806976318359e+01
-1.135791587829589844e+01 -4.689103603363037109e+00
-3.132740211486816406e+01 -4.111260414123535156e+00
-3.064315414428710938e+01 -6.433827877044677734e+00
-4.868967533111572266e+00 -1.548858451843261719e+01
-2.555359458923339844e+01 -1.193908882141113281e+01
-1.617708206176757812e+01 4.932307720184326172e+00
6.310712814331054688e+00 -3.180577850341796875e+01
2.443404388427734375e+01 1.225591468811035156e+01
2.800502014160156250e+01 -4.811340808868408203e+00
1.094120693206787109e+01 -3.799322891235351562e+01
-1.106351661682128906e+01 -2.293745613098144531e+01
-3.224803924560546875e+00 -2.460354423522949219e+01
1.524408340454101562e+01 -4.066187667846679688e+01
-8.787688255310058594e+00 -1.972968864440917969e+01
1.128931713104248047e+01 1.786921882629394531e+01
1.937347412109375000e+00 2.141404914855957031e+01
7.873849868774414062e+00 2.475973510742187500e+01
1.040765666961669922e+01 2.750127315521240234e+00
2.401716470718383789e+00 8.352130889892578125e+00
-5.519340515136718750e+00 2.661212921142578125e+01
-2.267847061157226562e+01 -1.008377838134765625e+01
-2.471895599365234375e+01 -9.594937324523925781e+00
3.041064262390136719e+00 -2.865933799743652344e+01
-1.101603221893310547e+01 6.490862369537353516e+00
-2.130722808837890625e+01 -1.348048591613769531e+01
-2.775041198730468750e+01 4.694925785064697266e+00
-2.494192504882812500e+01 7.479872703552246094e+00
1.676675224304199219e+01 2.677134752273559570e+00
1.712296104431152344e+01 6.598533153533935547e+00
3.126594305038452148e+00 9.078347682952880859e-01
-1.986353754997253418e+00 3.148196792602539062e+01
-1.222159004211425781e+01 -2.366947555541992188e+01
1.205815601348876953e+01 -3.742568206787109375e+01
-2.057763099670410156e+01 -1.767432212829589844e+01
5.594204425811767578e+00 -2.740984344482421875e+01
-1.973814201354980469e+01 9.488790035247802734e-01
-1.495551681518554688e+01 -1.597871494293212891e+01
-1.227919292449951172e+01 1.129169940948486328e+01
-1.119166374206542969e+01 -3.111253023147583008e+00
-1.556591892242431641e+01 -1.711281013488769531e+01
-1.314381885528564453e+01 1.061881828308105469e+01
-1.116585350036621094e+01 -1.634433150291442871e+00
-3.020186614990234375e+01 -4.991499423980712891e+00
-3.136631393432617188e+01 -5.369153022766113281e+00
7.198709964752197266e+00 -3.268801879882812500e+01
1.139048862457275391e+01 -3.656483840942382812e+01
-8.137907981872558594e+00 -1.701581192016601562e+01
5.496070384979248047e+00 2.224814224243164062e+01
1.112215137481689453e+01 5.957509994506835938e+00
-1.373675465583801270e+00 1.073751449584960938e+01
-9.180085361003875732e-02 2.319370841979980469e+01
-3.401781082153320312e+00 2.710614967346191406e+01
2.503305673599243164e+00 4.809197902679443359e+00
3.444184780120849609e+00 1.571803855895996094e+01
1.311776924133300781e+01 1.089033603668212891e+01
-2.133082199096679688e+01 -1.149528026580810547e+01
-2.969672393798828125e+01 9.821328520774841309e-01
-2.468117332458496094e+01 4.743487834930419922e+00
1.089093303680419922e+01 2.228631782531738281e+01
1.263935184478759766e+01 1.536538749933242798e-01
-5.500108242034912109e+00 2.451814460754394531e+01
4.860210418701171875e+00 6.204743385314941406e+00
-3.803425550460815430e+00 1.439084720611572266e+01
-2.523047447204589844e+00 1.938268065452575684e+00
-9.965864181518554688e+00 -2.024673843383789062e+01
1.340084838867187500e+01 7.523096084594726562e+00
5.949531555175781250e+00 1.803135490417480469e+01
2.126681327819824219e+01 1.715738487243652344e+01
-2.983414268493652344e+01 3.533404588699340820e+00
-2.268910026550292969e+01 7.583214282989501953e+00
-2.391673278808593750e+01 6.783494472503662109e+00
-2.764330863952636719e+01 3.558102130889892578e+00
2.554386901855468750e+01 1.078386783599853516e+01
-1.285967826843261719e+01 -2.259805870056152344e+01
1.756564903259277344e+01 1.979320716857910156e+01
-9.231395721435546875e+00 6.187977790832519531e+00
1.822402572631835938e+01 2.424900436401367188e+01
2.003420829772949219e+01 2.059338378906250000e+01
-2.361391830444335938e+01 2.390164136886596680e+00
-2.279803276062011719e+01 -1.179289054870605469e+01
-2.994744682312011719e+01 2.269927263259887695e+00
-2.308866882324218750e+01 -8.243528366088867188e+00
-7.669233322143554688e+00 -2.320147895812988281e+01
1.392415428161621094e+01 -3.887253570556640625e+01
5.223870754241943359e+00 -2.595104026794433594e+01
2.114831924438476562e+01 2.212989425659179688e+01
1.945488929748535156e+01 2.600125122070312500e+01
-2.134079933166503906e+01 -1.655595970153808594e+01
-1.058253765106201172e+00 9.584691047668457031e+00
-1.551863789558410645e+00 2.410615348815917969e+01
2.801842308044433594e+01 1.624385267496109009e-01
2.407882690429687500e+01 -5.164494514465332031e+00
2.166423797607421875e+01 1.228830051422119141e+01
1.977176666259765625e+01 1.081120967864990234e+01
2.869828701019287109e+00 -2.521243667602539062e+01
2.446303176879882812e+01 -3.858257770538330078e+00
2.653183937072753906e+01 7.861354947090148926e-01
1.153714847564697266e+01 3.366587162017822266e+00
7.592229843139648438e+00 2.336974716186523438e+01
2.749973678588867188e+01 1.943483591079711914e+00
2.142107772827148438e+01 -4.711396694183349609e+00
2.045445442199707031e+01 1.165888118743896484e+01
-1.896971702575683594e+01 1.729098677635192871e+00
1.831938862800598145e+00 -2.575474166870117188e+01
2.330377769470214844e+01 -7.002396583557128906e+00
2.902314186096191406e+01 -1.789841532707214355e+00
1.791499900817871094e+01 -3.784769058227539062e+00
1.835564994812011719e+01 -4.521092891693115234e+00
2.805430412292480469e+01 -2.248972415924072266e+00
2.271129226684570312e+01 -7.528535366058349609e+00
-1.694572257995605469e+01 -2.067595863342285156e+01
-1.254941558837890625e+01 7.932357788085937500e+00
-1.174593639373779297e+01 2.738245725631713867e+00
-1.400415897369384766e+01 -1.256717967987060547e+01
-1.259636116027832031e+01 1.357693481445312500e+01
-1.187799453735351562e+01 -6.941464424133300781e+00
-3.239339828491210938e+01 -3.580227136611938477e+00
-2.992680740356445312e+01 -7.561955451965332031e+00
-2.055871486663818359e+00 -2.420799446105957031e+01
8.416597366333007812e+00 -3.256378555297851562e+01
1.033949756622314453e+01 -3.598675155639648438e+01
1.833522439002990723e+00 -2.867940711975097656e+01
2.363693237304687500e+01 1.252566814422607422e+01
-5.564690232276916504e-01 -2.061831665039062500e+01
-1.373787593841552734e+01 -2.351857757568359375e+01
1.293078422546386719e+01 -3.932217025756835938e+01
1.254636001586914062e+01 -3.593932723999023438e+01
-1.929931831359863281e+01 -1.890623855590820312e+01
-1.659725010395050049e-01 1.038638305664062500e+01
-1.148670390248298645e-01 2.432377624511718750e+01
-6.826300144195556641e+00 -1.440616416931152344e+01
6.451680183410644531e+00 -2.970520973205566406e+01
2.038787460327148438e+01 2.203140258789062500e+01
1.910472297668457031e+01 2.514757537841796875e+01
-2.734857559204101562e+01 -1.004860305786132812e+01
-2.006146621704101562e+01 -1.789103150367736816e-01
-1.448495101928710938e+01 5.431065559387207031e+00
-9.850522041320800781e+00 -1.849469757080078125e+01
2.688826560974121094e+00 -1.545258879661560059e+00
-4.022707939147949219e+00 3.100678634643554688e+01
-2.541106939315795898e+00 9.398585557937622070e-01
-4.594701290130615234e+00 1.472739696502685547e+01
2.365299034118652344e+01 1.350504159927368164e+00
2.158059883117675781e+01 -1.751337051391601562e+00
6.035300731658935547e+00 1.318795776367187500e+01
9.240002632141113281e+00 1.182282257080078125e+01
5.080757141113281250e+00 2.061394691467285156e+01
1.185370540618896484e+01 7.439191818237304688e+00
1.764271974563598633e+00 2.195389556884765625e+01
1.111547279357910156e+01 1.726741218566894531e+01
-6.416941642761230469e+00 3.085607528686523438e+01
5.958275794982910156e-01 -2.286826848983764648e+00
-6.930909156799316406e+00 1.794064903259277344e+01
1.322492957115173340e+00 -8.092457771301269531e+00
1.321760863065719604e-01 3.090126228332519531e+01
4.855236053466796875e+00 4.135205447673797607e-01
1.846668243408203125e+01 1.114668995141983032e-01
1.596648597717285156e+01 9.604828834533691406e+00
1.267025852203369141e+01 2.411957168579101562e+01
9.132361412048339844e+00 5.083418488502502441e-01
4.887562751770019531e+00 -2.875880432128906250e+01
2.648627281188964844e+01 -7.332127571105957031e+00
2.990452194213867188e+01 -5.366164207458496094e+00
2.458217811584472656e+01 7.163192033767700195e-01
2.241542053222656250e+01 -2.056833982467651367e+00
2.565571403503417969e+01 8.637310981750488281e+00
8.796502947807312012e-01 -2.306721496582031250e+01
2.084593296051025391e+00 2.873226547241210938e+01
6.498157978057861328e+00 4.163341999053955078e+00
4.529638767242431641e+00 2.133406639099121094e+01
1.095612907409667969e+01 7.483600616455078125e+00
-6.062246799468994141e+00 -2.174066734313964844e+01
1.014271259307861328e+01 2.046688461303710938e+01
1.520091438293457031e+01 2.224401235580444336e+00
1.272892236709594727e+00 -5.426036357879638672e+00
-5.420518875122070312e+00 1.712336158752441406e+01
-7.708538055419921875e+00 1.539174556732177734e+01
-1.245089149475097656e+01 -1.333791542053222656e+01
1.745875930786132812e+01 6.740790009498596191e-01
1.633506774902343750e+01 7.920816421508789062e+00
-2.612433242797851562e+01 7.417433261871337891e+00
-2.748775863647460938e+01 6.075274944305419922e+00
2.811652421951293945e-01 2.912426757812500000e+01
6.609411239624023438e+00 2.284942388534545898e+00
-4.244266033172607422e+00 -2.405425071716308594e+01
1.362076950073242188e+01 -4.120457458496093750e+01
5.352669239044189453e+00 -3.111033058166503906e+01
3.047909975051879883e+00 -2.713924980163574219e+01
2.930934715270996094e+01 -5.746964454650878906e+00
2.623311996459960938e+01 -6.636697292327880859e+00
1.435837650299072266e+01 1.970405578613281250e+01
4.770071506500244141e+00 -5.880972385406494141e+00
2.193210601806640625e+01 1.495137691497802734e+01
1.829719161987304688e+01 1.330071163177490234e+01
-1.941313552856445312e+01 -1.665148162841796875e+01
-1.488019180297851562e+01 9.829709053039550781e+00
-1.308806419372558594e+01 -1.364349946379661560e-02
-5.142109870910644531e+00 1.631516265869140625e+01
7.248287200927734375e-01 -5.265779972076416016e+00
2.836440801620483398e+00 2.854496955871582031e+01
6.921431064605712891e+00 4.609954833984375000e+00
6.393093109130859375e+00 1.740110778808593750e+01
-9.180907249450683594e+00 -3.788993597030639648e+00
-9.041461944580078125e+00 -1.784474563598632812e+01
1.228200316429138184e+00 -2.055157423019409180e+00
-5.651623249053955078e+00 3.090077590942382812e+01
-1.974181890487670898e+00 4.287154197692871094e+00
-1.860665678977966309e+00 1.421234130859375000e+01
-4.510174274444580078e+00 2.444203376770019531e+01
-5.048567056655883789e-01 8.207115173339843750e+00
-2.495850372314453125e+01 -1.074981689453125000e+01
-2.926490974426269531e+01 -1.391862034797668457e+00
-2.999777030944824219e+01 -1.184245586395263672e+00
-2.647301292419433594e+01 -1.080106163024902344e+01
-5.919315338134765625e+00 -1.483050918579101562e+01
-1.404776287078857422e+01 -2.214608573913574219e+01
-1.538276958465576172e+01 5.623307704925537109e+00
8.463747978210449219e+00 -3.378751754760742188e+01
2.560864830017089844e+01 9.852651596069335938e+00
2.644421958923339844e+01 1.079418754577636719e+01
-1.016752815246582031e+01 -2.371557617187500000e+01
1.139146232604980469e+01 -3.523332977294921875e+01
1.285134315490722656e+01 -3.813332366943359375e+01
-2.098233222961425781e+01 -1.008250427246093750e+01
-2.646141052246093750e+01 -9.123787879943847656e+00
-1.161734294891357422e+01 5.965717792510986328e+00
-1.073071289062500000e+01 -1.897342491149902344e+01
4.495220661163330078e+00 2.013826751708984375e+01
1.183798980712890625e+01 8.188198089599609375e+00
-2.019807243347167969e+01 -1.261181449890136719e+01
-2.459401607513427734e+00 9.087052345275878906e+00
-2.970685482025146484e+00 2.367814826965332031e+01
-1.922719001770019531e+00 2.733796501159667969e+01
1.793609142303466797e+00 3.174371480941772461e+00
3.139547348022460938e+00 -2.978802680969238281e+01
1.165188598632812500e+01 -3.908305740356445312e+01
3.156678199768066406e+00 1.689862442016601562e+01
1.190955924987792969e+01 1.071017169952392578e+01
-1.906317329406738281e+01 -1.455777168273925781e+01
-2.328574752807617188e+01 5.380691051483154297e+00
-2.718326759338378906e+01 2.418418169021606445e+00
1.848837256431579590e+00 2.773746871948242188e+01
-6.582961082458496094e+00 1.669569587707519531e+01
2.183185338973999023e+00 -6.772934913635253906e+00
5.605727195739746094e+00 5.613161563873291016e+00
1.758438873291015625e+01 5.454979419708251953e+00
1.744567680358886719e+01 3.753906726837158203e+00
4.041780948638916016e+00 -2.619456672668457031e+01
3.029370689392089844e+01 -3.295718908309936523e+00
2.473561286926269531e+01 -9.008675575256347656e+00
-5.713332176208496094e+00 1.865835189819335938e+01
2.265268802642822266e+00 -4.222007751464843750e+00
-7.596699714660644531e+00 3.041438102722167969e+01
-6.598412990570068359e-01 -1.397441387176513672e+00
-1.389022731781005859e+01 -1.386916255950927734e+01
-1.178806400299072266e+01 1.269546508789062500e+01
-1.155989074707031250e+01 -5.833145141601562500e+00
-1.645972251892089844e+01 -1.958407783508300781e+01
-1.324577426910400391e+01 8.770799636840820312e+00
-1.148072624206542969e+01 1.393927812576293945e+00
-2.943700408935546875e+01 -6.224054813385009766e+00
-3.246125411987304688e+01 -4.885947704315185547e+00
-1.877014923095703125e+01 -1.760343360900878906e+01
-2.212555885314941406e+01 3.116237640380859375e+00
-2.458335876464843750e+01 1.307443499565124512e+00
-2.223432159423828125e+01 3.529513597488403320e+00
-2.490183258056640625e+01 1.566406726837158203e+00
2.102477073669433594e+01 3.773394823074340820e+00
2.078672599792480469e+01 3.520933151245117188e+00
-1.610712170600891113e+00 -2.525855445861816406e+01
1.420221519470214844e+01 -4.022869873046875000e+01
2.361891174316406250e+01 -1.071004629135131836e+00
-8.768372535705566406e+00 -1.523324871063232422e+01
4.186702251434326172e+00 2.441392660140991211e+00
-2.481454133987426758e+00 2.923340415954589844e+01
5.852376461029052734e+00 1.101815032958984375e+01
2.242772817611694336e+00 2.403989028930664062e+01
8.443347930908203125e+00 6.777142524719238281e+00
-9.857626914978027344e+00 1.592662811279296875e+00
-1.488386535644531250e+01 -1.322179317474365234e+01
-3.937863111495971680e+00 2.960272789001464844e+00
-2.311433553695678711e+00 1.201319026947021484e+01
-4.052858829498291016e+00 1.861500167846679688e+01
5.005906581878662109e+00 1.378068733215332031e+01
1.029003334045410156e+01 1.129518604278564453e+01
-1.112708330154418945e+00 3.011156845092773438e+01
5.232126712799072266e+00 1.454116106033325195e+00
-4.563525676727294922e+00 -2.182170486450195312e+01
1.565104770660400391e+01 7.171462535858154297e+00
1.657667160034179688e+01 2.265403568744659424e-01
1.264405155181884766e+01 1.292539501190185547e+01
1.692951679229736328e+00 1.522411346435546875e+01
-3.504065275192260742e+00 -2.090897560119628906e+01
2.606204032897949219e+01 1.578297495841979980e+00
2.542903709411621094e+01 -3.081016540527343750e+00
2.014096832275390625e+01 -4.846518516540527344e+00
2.762737464904785156e+01 3.550302267074584961e+00
2.911948013305664062e+01 -9.912557154893875122e-02
2.313671493530273438e+01 -5.161581993103027344e+00
2.042523002624511719e+01 1.295900058746337891e+01
-1.487182044982910156e+01 -2.291278457641601562e+01
1.007796573638916016e+01 -3.719544982910156250e+01
-1.892579650878906250e+01 -1.997257232666015625e+01
1.690064811706542969e+01 2.129890251159667969e+01
1.619166564941406250e+01 2.288379478454589844e+01
6.359552860260009766e+00 -2.852593994140625000e+01
-2.036870574951171875e+01 -1.879857826232910156e+01
1.772442817687988281e+01 2.137381744384765625e+01
1.690874671936035156e+01 2.309478569030761719e+01
7.361495494842529297e+00 -3.074915313720703125e+01
2.920396232604980469e+01 -4.083666801452636719e+00
2.761344146728515625e+01 -5.875743389129638672e+00
1.947133827209472656e+01 1.343182468414306641e+01
2.206454849243164062e+01 1.385379600524902344e+01
-1.777280616760253906e+01 5.179563045501708984e+00
-1.719986343383789062e+01 4.025755405426025391e+00
-3.387463092803955078e+00 -2.262445640563964844e+01
2.620978164672851562e+01 -2.432989358901977539e+00
2.021890068054199219e+01 -8.839995384216308594e+00
2.411280155181884766e+00 1.577948665618896484e+01
1.245939636230468750e+01 1.199887466430664062e+01
9.040644168853759766e-01 1.591349983215332031e+01
1.366453266143798828e+01 1.298557376861572266e+01
-2.289487266540527344e+01 -1.318993663787841797e+01
-2.793455886840820312e+01 4.256764352321624756e-01
-2.476101875305175781e+01 -1.355488681793212891e+01
-1.947591018676757812e+01 -9.651243090629577637e-01
-1.907172203063964844e+01 1.614165455102920532e-01
2.751746177673339844e+01 4.516149520874023438e+00
1.842182731628417969e+01 -6.471309661865234375e+00
8.907928466796875000e+00 2.379912567138671875e+01
1.156576919555664062e+01 1.936006784439086914e+00
7.807260513305664062e+00 1.769954490661621094e+01
-3.361571311950683594e+00 -1.535431480407714844e+01
-1.879710006713867188e+01 -1.297627449035644531e+01
-2.165159463882446289e+00 9.705992698669433594e+00
-2.359493017196655273e+00 2.343807220458984375e+01
7.801191806793212891e+00 1.062096405029296875e+01
4.168931007385253906e+00 1.125816345214843750e+01
-5.812459945678710938e+00 -1.610656929016113281e+01
7.052536964416503906e+00 2.435301780700683594e+01
1.050432491302490234e+01 3.580090045928955078e+00
-3.696695566177368164e+00 2.925378227233886719e+01
4.068697452545166016e+00 3.340891361236572266e+00
-4.867946624755859375e+00 2.676910591125488281e+01
2.314458608627319336e+00 7.658425331115722656e+00
2.070511102676391602e+00 3.611827850341796875e+00
-2.396442890167236328e+00 2.733795166015625000e+01
1.432411074638366699e+00 -2.763539505004882812e+01
-6.968853950500488281e+00 -2.404593467712402344e+01
1.239966201782226562e+01 -4.035429000854492188e+01
-1.634647560119628906e+01 -2.158356857299804688e+01
-1.315529060363769531e+01 7.084081172943115234e+00
-1.212206077575683594e+01 3.960498809814453125e+00
-1.373429298400878906e+01 -1.153264808654785156e+01
-1.175026226043701172e+01 1.390010166168212891e+01
-1.223193550109863281e+01 -8.018495559692382812e+00
-3.328963470458984375e+01 -4.097571372985839844e+00
-2.867659378051757812e+01 -7.361076354980468750e+00
